star_age	log_Teff	log_L	center_h1	center_he4	he_core_mass	co_core_mass	radius
1e-05	4.6153490593735995	6.39508975730302	0.7600000000000011	0.2399744591697884	0.0	0.0	30.867390825497328
2.2862375594716877e-05	4.615699845556419	6.396530176127119	0.7600000000000016	0.23997445916979268	0.0	0.0	30.868715478153856
2.3264062632491176e-05	4.615700556607922	6.3965331380864585	0.7600000000000016	0.2399744591697928	0.0	0.0	30.86871966298043
2.3360901375225324e-05	4.615700811497832	6.396534184082641	0.7600000000000016	0.2399744591697928	0.0	0.0	30.868720602506784
2.3456263502142547e-05	4.615701154054915	6.396535584023642	0.7600000000000016	0.2399744591697928	0.0	0.0	30.868721658463233
2.355256504652588e-05	4.615701466022289	6.396536856742829	0.7600000000000016	0.2399744591697928	0.0	0.0	30.868722541594657
2.368123979652774e-05	4.61570178032253	6.396538139672346	0.7600000000000018	0.23997445916979285	0.0	0.0	30.868723455959923
2.400142375045236e-05	4.615702082907228	6.3965393899351115	0.7600000000000018	0.239974459169793	0.0	0.0	30.868724874815133
2.4495288244388595e-05	4.6157019995193265	6.396539099490668	0.7600000000000018	0.2399744591697932	0.0	0.0	30.86872640679795
2.5065987370083932e-05	4.615701827664372	6.396538461912201	0.7600000000000018	0.23997445916979343	0.0	0.0	30.868728178106373
2.5720066630471286e-05	4.615701769394275	6.3965382964113555	0.7600000000000018	0.23997445916979368	0.0	0.0	30.8687305798115
2.652940784018654e-05	4.615701863552659	6.396538761451982	0.7600000000000018	0.23997445916979393	0.0	0.0	30.868733721705947
2.78375118296886e-05	4.61570219208366	6.396540234233076	0.7600000000000021	0.23997445916979443	0.0	0.0	30.86873936021182
3.0064724028063353e-05	4.615702861574861	6.396543129087958	0.7600000000000025	0.2399744591697953	0.0	0.0	30.86874706825833
3.5606740685523214e-05	4.615704157400125	6.39654869225876	0.7600000000000025	0.23997445916979723	0.0	0.0	30.86876056843637
4.939705157461374e-05	4.615705057651718	6.39655297104144	0.7600000000000036	0.2399744591698021	0.0	0.0	30.8687846559203
8.371175796615548e-05	4.615704522058251	6.396551384788188	0.7600000000000061	0.23997445916981405	0.0	0.0	30.868804419898183
0.00016909772817435664	4.615704996871125	6.396554938443221	0.7600000000000128	0.23997445916984272	0.0	0.0	30.86886321584183
0.0003815653455628277	4.615706342958278	6.396562948704248	0.7600000000000284	0.2399744591699112	0.0	0.0	30.86895653852624
0.000910252767262908	4.615707444825045	6.396569143707697	0.7600000000000648	0.23997445917007224	0.0	0.0	30.86902006620381
0.002225796252427651	4.615705680739983	6.396560958790357	0.760000000000145	0.23997445917042176	0.0	0.0	30.86897995742088
0.0054992894174327855	4.615703208276053	6.396548129336171	0.7600000000002913	0.23997445917104665	0.0	0.0	30.868875486541665
0.01364478792977836	4.615702803670544	6.396542804390164	0.7600000000005191	0.23997445917198537	0.0	0.0	30.868743760273585
0.033913394788018095	4.615702399949782	6.396532297601451	0.7600000000009125	0.23997445917357033	0.0	0.0	30.868427752859112
0.0843481746055132	4.615704050861311	6.3965204742719	0.7600000000038544	0.23997445918608723	0.0	0.0	30.86777289105781
0.20984604592098255	4.6157127443117965	6.396514274678383	0.7600000000115693	0.2399744592254925	0.0	0.0	30.86631681955792
0.5221249090726913	4.61573533284753	6.3965045726987455	0.7600000000320528	0.23997445932406827	0.0	0.0	30.86276141391241
1.2991746498303511	4.6157936273748	6.396493427596083	0.7600000000831827	0.2399744595701408	0.0	0.0	30.85408132599652
3.232723060752451	4.615940626876075	6.396478940895749	0.7600000002131352	0.23997446019575208	0.0	0.0	30.832687240504185
8.04401024261813	4.616307585576637	6.396454863706716	0.7600000005451965	0.23997446179502985	0.0	0.0	30.779773635551273
20.01603236299814	4.617218229250736	6.396395305318058	0.7600000014169063	0.2399744659973485	0.0	0.0	30.64886209401852
49.806254445582105	4.619467933544679	6.396231650599841	0.7600000038687739	0.2399744778461566	0.0	0.0	30.32725612615484
123.93385985811742	4.624971784238113	6.395784300112862	0.7600000046019889	0.23997448133260432	0.0	0.0	29.5530114766906
308.38706295823727	4.638117726927937	6.3945171464011255	0.7600000142181361	0.23997452829712568	0.0	0.0	27.77642062739724
767.3656572963274	4.667661318744784	6.3909024926448765	0.7600000458425064	0.23997469325085244	0.0	0.0	24.142473851517327
1642.364986670426	4.713725715823523	6.385893163562437	0.7600007053921933	0.23997954575314873	0.0	0.0	19.415488007737228
2844.812053572316	4.762683341368929	6.383779248040252	0.759997183991233	0.24000030490737745	0.0	0.0	15.458811520904426
4226.882191487756	4.808751305614457	6.385632577038308	0.7599943320932365	0.24000566589451616	0.0	0.0	12.530454912776213
5955.595633365114	4.855833764969141	6.388783016338332	0.7599933221600244	0.2400066774907436	0.0	0.0	10.124582861887962
8052.223540781692	4.902141099529018	6.393106458213081	0.7599903654919087	0.2400096344582567	0.0	0.0	8.22099134366905
10699.498459037071	4.949582038119437	6.399316550548198	0.7599785171202211	0.2400214828727739	0.0	0.0	6.6549892747802275
14066.412242585046	4.997592625421409	6.407012050472573	0.7599208313123074	0.2400791686599641	0.0	0.0	5.382374785322194
19427.15802473346	5.002863442282871	6.39938639309279	0.7588277826347515	0.241172216926316	0.0	0.0	5.207382423109059
32766.408969369008	4.994659901732272	6.397115456954536	0.7559330265784857	0.24406697274692196	0.0	0.0	5.393753388282042
65958.73387992455	4.989184814439283	6.398625389095787	0.7489143684395156	0.25108563064505934	0.0	0.0	5.541103044376259
148551.85980135805	4.983147601408917	6.402979056202091	0.731336180535265	0.26866381822547664	0.0	0.0	5.725949140123405
354069.9868941794	4.973627827243558	6.414902279483896	0.6859665604549804	0.31403343775520315	0.0	0.0	6.065249156706122
584231.9803897057	4.96361658238963	6.428634949965567	0.6318536722823096	0.3681463253385035	0.0	0.0	6.452640520908773
790061.6043898786	4.953634609440483	6.441257853770823	0.5801542611338115	0.4198457358917684	0.0	0.0	6.855085389116341
983043.364835624	4.942846452455369	6.453023961231082	0.528588895597872	0.47141110076453374	0.0	0.0	7.302511281341106
1164574.3247186197	4.930733867778641	6.464578937052845	0.4770305861746727	0.5229694094251665	0.0	0.0	7.82482969135087
1335311.2741522335	4.917202429711983	6.475612783497116	0.4254641681022907	0.5745358266007079	0.0	0.0	8.43440970423628
1495731.485522982	4.901001669690912	6.488487432714107	0.37384268707205326	0.6261573065480943	0.0	0.0	9.22345297388875
1676894.0295327073	4.878356687897273	6.502602087128773	0.3148404201634263	0.6851595718701414	0.0	0.0	10.40496991037278
1820877.9453571416	4.857862156598841	6.511596407263405	0.2621000944136276	0.7378998958023539	0.0	0.0	11.553858682531608
1952946.1796506804	4.834995838736207	6.519908228335359	0.21039480009105643	0.7896051877345313	0.0	0.0	12.96031620517276
2076650.843251723	4.808789375453826	6.527788827701234	0.1587376676665899	0.8412623167175043	0.0	0.0	14.756006022506464
2192404.2900425973	4.778645515941453	6.535289277440593	0.10699990577876256	0.8930000729767344	0.0	0.0	17.100419628247817
2298544.157579517	4.742805466366362	6.543458320063534	0.05618946544441909	0.9438105016134941	74.75567095733552	0.0	20.35970064586654
2363461.860353754	4.718144666288169	6.549103321796056	0.023217042019415476	0.9767829028839256	74.45335372585784	0.0	22.957018763484147
2390084.5805883366	4.709461933137417	6.551542809763033	0.009236627141554293	0.990763284832465	73.49044034636347	0.0	23.9607660884406
2400511.370096113	4.70822450404761	6.5530013162453375	0.0037083986939560544	0.9962914673280197	74.45335372585772	0.0	24.13819608282788
2404697.3474100037	4.709869783518533	6.554055292105105	0.001511661492605672	0.99848814297771	74.45335372585772	0.0	23.985083784580528
2406443.7744901497	4.712493337992255	6.554880773243464	0.0006309329913603441	0.9993687936949709	74.45335372585751	0.0	23.719573268324982
2407217.446398281	4.715216916548843	6.5555451673886225	0.000272465521309346	0.9997271695764046	74.45335372585743	0.0	23.44185155521958
2407591.887679132	4.717643030969999	6.556066815764277	0.00012280117200441602	0.9998767335143158	74.45335372585727	0.0	23.195327393606743
2407686.513232165	4.6894948060340775	6.545586550496824	0.015846045726201664	0.9841534685324771	67.11097450512477	0.0	26.088963432710266
2407686.5132323694	4.689494956200859	6.545589482267045	0.01585189297080824	0.9841476212877616	67.11097450512474	0.0	26.089033449884763
2407686.5132324668	4.689494702844494	6.545589575534399	0.015854441648787472	0.9841450726096056	67.11097450512477	0.0	26.08906669065272
2407686.5132326325	4.689494245314032	6.545589620721074	0.015859253262858555	0.9841402609950198	67.11097450512477	0.0	26.089123017757903
2407686.513232731	4.689493954668108	6.545589611251242	0.015861965711007116	0.9841375485465013	67.11097450512477	0.0	26.089157652954476
2407686.5132327415	4.689493912097068	6.545589604659669	0.015862270237476887	0.9841372440199875	67.11097450512477	0.0	26.089162569666787
2407686.513232743	4.689493908173594	6.545589604172545	0.015862303182325132	0.9841372110751344	67.11097450512477	0.0	26.0891630264214
2407686.5132327443	4.689493904391183	6.545589604562782	0.01586234284202192	0.9841371714154319	67.11097450512477	0.0	26.089163492580447
2407686.513232745	4.689493901049151	6.545589604653424	0.01586237684538228	0.9841371374120669	67.11097450512477	0.0	26.089163896831504
2407686.513232748	4.689493895270582	6.545589604796982	0.01586243627566413	0.9841370779817763	67.11097450512477	0.0	26.089164595409983
2407686.5132327527	4.6894938808535915	6.545589604998998	0.01586258416670754	0.984136930090711	67.11097450512477	0.0	26.089166333607743
2407686.5132327653	4.6894938450965045	6.545589605453459	0.015862952224605906	0.9841365620327582	67.11097450512477	0.0	26.08917064329543
2407686.513232797	4.6894937555580745	6.54558960626365	0.01586386841214734	0.9841356458450765	67.11097450512477	0.0	26.08918142523375
2407686.513232875	4.689493531925856	6.545589607572039	0.015866150096754128	0.984133364160097	67.11097450512477	0.0	26.08920833286672
2407686.51323307	4.689492968191864	6.545589602984853	0.01587183737739621	0.9841276768784011	67.11097450512477	0.0	26.089275925130337
2407686.513233554	4.689491565509839	6.545589565190156	0.015886032381945542	0.9841134818707182	67.25990529435923	0.0	26.089443316462376
2407686.513234759	4.689487762447224	6.5455891748939345	0.01592153658394205	0.9840779776600974	67.25990529435916	0.0	26.08988852109941
2407686.513235443	4.689485253527979	6.54558878601781	0.01594175890535363	0.9840577553342553	67.25990529435923	0.0	26.090178284574353
2407686.5132355355	4.689484924165329	6.545588738009512	0.015944498161939446	0.984055016077103	67.25990529435923	0.0	26.090216415383736
2407686.5132357148	4.689484306577415	6.5455886519650415	0.015949806259919	0.9840497079780663	67.25990529435923	0.0	26.09028803404169
2407686.5132361604	4.689482859207198	6.545588445937578	0.01596303287698139	0.9840364813586456	67.25990529435913	0.0	26.090455747864834
2407686.513236725	4.689480637831172	6.545587958543909	0.01597980238022511	0.9840197118530272	67.25990529435916	0.0	26.090708009402753
2407686.5132378745	4.689476481726194	6.54558707180362	0.016014110802864866	0.9839854034282336	67.25990529435916	0.0	26.091180742698665
2407686.5132396067	4.6894699640506845	6.545585339812477	0.016066043882396096	0.983933470353374	67.43574409485694	0.0	26.091911853302825
2407686.513240505	4.689466487756817	6.545584324449184	0.016093066231525253	0.9839064480101909	67.43574409485694	0.0	26.092299058704533
2407686.5132411136	4.6894641455325035	6.545583619446879	0.01611141238801442	0.9838881018591688	67.43574409485694	0.0	26.092559322275527
2407686.5132413977	4.6894629585974785	6.5455832386990735	0.016119976529827468	0.9838795377202892	67.43574409485694	0.0	26.0926905077922
2407686.5132414615	4.689462699607247	6.545583156077069	0.016121860207058875	0.9838776540437341	67.43574409485691	0.0	26.092719146414225
2407686.513241489	4.689462602106586	6.545583126383123	0.01612261603812129	0.9838768982129459	67.43574409485691	0.0	26.092729970217057
2407686.513241553	4.689462360354972	6.545583054933687	0.016124569711713384	0.9838749445400741	67.43574409485691	0.0	26.092756873090966
2407686.5132416943	4.6894618293750545	6.545582894298847	0.016128840428731583	0.9838706738246821	67.43574409485691	0.0	26.09281585101247
2407686.5132419993	4.689460709235157	6.545582545753971	0.016138062742095387	0.9838614515150716	67.43574409485691	0.0	26.092939978948596
2407686.5132426987	4.689458179796193	6.545581702623629	0.01615924415412267	0.9838402701129048	67.43574409485689	0.0	26.093218595819227
2407686.5132440557	4.689453331135785	6.545579966849067	0.016200471515927115	0.9837990427750649	67.43574409485691	0.0	26.0937490899676
2407686.513246302	4.6894454991320105	6.545577029368088	0.016268683671092462	0.9837308306724645	67.61143595774128	0.0	26.094601999239774
2407686.5132463505	4.689445270628978	6.545576932068816	0.016270174466536422	0.9837293398782893	67.61143595774128	0.0	26.09462653536436
2407686.513246391	4.68944512600683	6.545576876722524	0.01627140031773536	0.9837281140281381	67.61143595774128	0.0	26.09464225189728
2407686.5132464906	4.689444772898252	6.545576743195368	0.016274451288917385	0.983725063059584	67.61143595774128	0.0	26.0946806735796
2407686.5132467384	4.689443907116084	6.545576418135542	0.016282047179409793	0.9837174671757632	67.61143595774128	0.0	26.09477494953265
2407686.5132473544	4.689441760928807	6.545575599277089	0.01630097366727574	0.9836985407052986	67.61143595774128	0.0	26.09500825905352
2407686.513248083	4.689439322059393	6.545574656406543	0.016323354955416296	0.9836761594390204	67.61143595774125	0.0	26.095273017450815
2407686.513248105	4.689439215514983	6.545574609133245	0.0163240533211105	0.9836754610740258	67.61143595774128	0.0	26.09528440098747
2407686.513248117	4.689439126883961	6.545574566466912	0.016324430835409742	0.9836750835601052	67.61143595774125	0.0	26.09529377022721
2407686.5132481377	4.689439015413348	6.545574516199017	0.016325060104049036	0.9836744542920977	67.61143595774125	0.0	26.09530565580362
2407686.513248153	4.689438939423593	6.545574482997144	0.016325518927090922	0.9836739954695173	67.61143595774128	0.0	26.095313790251392
2407686.513248178	4.6894388132607085	6.545574428742088	0.016326304949493525	0.9836732094479069	67.61143595774128	0.0	26.095327321669735
2407686.5132482094	4.689438659555877	6.545574363980344	0.016327299582783658	0.9836722148156208	67.61143595774128	0.0	26.09534384725068
2407686.5132482434	4.689438486284307	6.545574290455969	0.016328330916816455	0.983671183482632	67.61143595774125	0.0	26.09536246098776
2407686.513248272	4.689438334972009	6.545574227175935	0.016329230735468242	0.9836702836648936	67.61143595774125	0.0	26.09537874358699
2407686.513248309	4.689438164048199	6.545574159015388	0.01633033957779776	0.9836691748236922	67.61143595774128	0.0	26.0953972363579
2407686.51324834	4.689438008840242	6.545574097318167	0.01633130702743958	0.9836682073750372	67.61143595774128	0.0	26.09541403468831
2407686.5132483677	4.689437864081657	6.545574039117333	0.016332174060322304	0.9836673403430413	67.61143595774128	0.0	26.095429682331336
2407686.5132484008	4.689437716784489	6.545573985457792	0.016333186982856282	0.9836663274215455	67.61143595774128	0.0	26.095445771491555
2407686.513248471	4.689437410363065	6.545573875046239	0.016335356641927132	0.983664157764708	67.61143595774128	0.0	26.095479278243054
2407686.5132485447	4.689437092294622	6.545573762761204	0.016337606612938312	0.9836619077960256	67.61143595774128	0.0	26.095514128423886
2407686.5132486084	4.689436797002077	6.545573655825334	0.01633956213761946	0.9836599522733788	67.61143595774128	0.0	26.09554640227829
2407686.5132486876	4.689436454231034	6.545573536737256	0.01634198173244174	0.9836575326810872	67.61143595774128	0.0	26.095584016785473
2407686.5132487444	4.689436186310214	6.5455734410290765	0.01634374619706347	0.9836557682183197	67.61143595774128	0.0	26.095613338657547
2407686.5132488427	4.689435770151252	6.54557330135218	0.016346769484315484	0.9836527449342648	67.61143595774128	0.0	26.09565915408444
2407686.5132489526	4.689435295670398	6.545573139672426	0.016350159144963128	0.9836493552772291	67.61143595774128	0.0	26.095711317386034
2407686.5132490173	4.689434997545674	6.545573033800857	0.01635212719966468	0.9836473872246368	67.61143595774128	0.0	26.095743963818293
2407686.513249073	4.689434738105341	6.545572942065902	0.016353841785017264	0.9836456726411296	67.61143595774128	0.0	26.095772386094627
2407686.513249187	4.689434252944114	6.545572779846287	0.016357338691575584	0.9836421757383589	67.61143595774128	0.0	26.09582581692447
2407686.51324939	4.689433429176717	6.545572509324779	0.016363618530657664	0.983635895906158	67.61143595774128	0.0	26.095916686392748
2407686.5132495663	4.689432718215649	6.545572269369599	0.016369084494177916	0.9836304299487031	67.61143595774128	0.0	26.095994917843363
2407686.51324975	4.689431944643674	6.5455719948167275	0.016374754601024298	0.9836247598482237	67.61143595774128	0.0	26.096079634450987
2407686.5132498844	4.689431383627351	6.545571795442254	0.01637891233190486	0.9836206021220583	67.61143595774128	0.0	26.096141065668206
2407686.5132500813	4.68943055426331	6.5455714976233015	0.01638501326131322	0.9836145011996444	67.61143595774128	0.0	26.096231788690073
2407686.51325017	4.689430161071922	6.545571352186146	0.016387766960178716	0.9836117475039616	67.61143595774128	0.0	26.096274671946507
2407686.513250316	4.689429541886784	6.5455711289524485	0.01639228518848055	0.9836072292809213	67.61143595774128	0.0	26.096342377400553
2407686.513250536	4.689428601088159	6.545570787185368	0.0163990936566113	0.9836004208208092	67.61143595774128	0.0	26.096445172762778
2407686.513250675	4.689428023509007	6.545570579823676	0.01640340897468527	0.983596105507868	67.61143595774128	0.0	26.09650835536858
2407686.513250757	4.689427651238708	6.5455704398379115	0.016405973067245807	0.9835935414183758	67.61143595774128	0.0	26.096548888588732
2407686.5132508427	4.689427269313708	6.545570297617855	0.016408632180821885	0.9835908823079971	67.61143595774128	0.0	26.096590515037335
2407686.5132510173	4.689426546432931	6.545570037543543	0.016414056267733214	0.9835854582276581	67.61143595774128	0.0	26.09666957653648
2407686.513251452	4.689424777208788	6.5455693853205075	0.016427566430257456	0.9835719480818005	67.61143595774128	0.0	26.096862605931957
2407686.5132525344	4.689420546978686	6.545567738661411	0.0164612668680083	0.9835382476873769	67.78690557953615	0.0	26.097321527033067
2407686.513254252	4.689414022551805	6.54556504291594	0.01651497853175123	0.9834845360972208	67.78690557953618	0.0	26.098024663707314
2407686.513255261	4.689410220758906	6.5455634450724975	0.01654667933537497	0.9834528353391855	67.78690557953618	0.0	26.09843357906216
2407686.5132560586	4.689407256852882	6.545562198877242	0.01657178199805733	0.9834277327136813	67.78690557953618	0.0	26.098752361796542
2407686.51325675	4.689404714365897	6.545561125825035	0.016593622381813364	0.9834058923630109	67.78690557953618	0.0	26.099025700374593
2407686.513257454	4.689402150010795	6.545560041730039	0.016615889615473264	0.9833836251637597	67.78690557953618	0.0	26.099301338369013
2407686.5132578295	4.689400799848163	6.545559467840847	0.016627773586253964	0.9833717412115944	67.78690557953618	0.0	26.09944637296408
2407686.513258073	4.689399944694787	6.545559105827629	0.016635456314184154	0.9833640584957944	67.78690557953615	0.0	26.099538278247326
2407686.513258095	4.689399857173264	6.545559066734436	0.016636148718484952	0.9833633660925895	67.78690557953615	0.0	26.09954762302702
2407686.5132581266	4.689399874200753	6.545559096639087	0.01663715580677548	0.9833623590058944	67.78690557953615	0.0	26.09954647502573
2407686.5132582053	4.689399469246073	6.545558901788209	0.016639662224719264	0.9833598525919264	67.78690557953618	0.0	26.09958929279857
2407686.513258402	4.689398751551544	6.545558593612724	0.01664590184248561	0.9833536129840944	67.78690557953618	0.0	26.099666294668907
2407686.5132588907	4.689396965025183	6.545557837408041	0.016661445665629514	0.9833380691859226	67.78690557953618	0.0	26.099858301358054
2407686.5132599953	4.6893931314302	6.545556220395151	0.016696622871548553	0.9833028920376204	67.78690557953615	0.0	26.100270491908496
2407686.513262015	4.689386479159845	6.545553339098457	0.01676127950698229	0.983238235511653	67.9621520429069	0.0	26.100983498962865
2407686.5132663404	4.689372949506009	6.545547625067795	0.01690120010207386	0.9830983151664356	67.9621520429069	0.0	26.10243809086167
2407686.513266966	4.6893712713777935	6.545546925383753	0.016921595122147973	0.9830779201838613	67.96215204290695	0.0	26.102618786267428
2407686.513266987	4.6893712041791105	6.545546895311611	0.016922283452649855	0.9830772318546258	67.96215204290692	0.0	26.10262596030005
2407686.5132670403	4.689371045775089	6.545546826110387	0.0169239964501084	0.9830755188603199	67.96215204290692	0.0	26.102642921964872
2407686.5132671716	4.68937065802723	6.545546657412653	0.01692826024235714	0.9830712550759276	67.96215204290692	0.0	26.102684462381713
2407686.513267497	4.689369672312042	6.545546236528309	0.016938878012492626	0.9830606373254106	67.96215204290692	0.0	26.10279030441879
2407686.513267974	4.689368126510587	6.5455455862168685	0.016954457426424978	0.9830450579403944	67.96215204290692	0.0	26.102956579202026
2407686.513268749	4.689365815900709	6.545544688036967	0.016979832698851314	0.9830196827153853	67.96215204290692	0.0	26.103207343259147
2407686.513270499	4.689360779250975	6.545542696808893	0.01703734917072981	0.9829621663523901	67.96215204290692	0.0	26.103752961938145
2407686.5132724615	4.689355185430162	6.54554051318562	0.01710220820812374	0.9828973074397449	67.96215204290692	0.0	26.104359790083855
2407686.5132726934	4.68935455572259	6.545540272002598	0.017109864269893096	0.9828896513928138	67.96215204290695	0.0	26.10442824202616
2407686.5132727283	4.68935441902897	6.545540213155098	0.01711102754524176	0.98288848811972	67.96215204290692	0.0	26.10444290610658
2407686.5132728154	4.689354115278457	6.5455400888095765	0.017113922740172448	0.9828855929304045	67.96215204290692	0.0	26.10447568455563
2407686.513273033	4.689353415939679	6.545539822366153	0.01712113058948409	0.9828783850950888	67.96215204290692	0.0	26.104551748403516
2407686.5132732643	4.689352625805272	6.545539526987838	0.01712880984332998	0.9828707058561784	67.96215204290692	0.0	26.10463785797442
2407686.513273549	4.689351727614616	6.5455392056690975	0.017137650822914515	0.9828618648938184	67.96215204290692	0.0	26.10473617837943
2407686.513273968	4.689350331391279	6.545538705613767	0.017151581984820637	0.9828479337591192	67.96215204290692	0.0	26.104888999505334
2407686.513274104	4.689349892291631	6.545538557985846	0.017156128310083358	0.9828433874427498	67.96215204290692	0.0	26.104937350129724
2407686.5132741733	4.689349654596094	6.545538475402849	0.017158457932440127	0.982841057824953	67.96215204290692	0.0	26.10496344336452
2407686.5132742305	4.689349460581131	6.545538409437836	0.017160381263224323	0.9828391344979344	67.96215204290692	0.0	26.10498478488298
2407686.513274281	4.689349282150646	6.545538346148822	0.01716205284191907	0.9828374629225136	67.96215204290692	0.0	26.105004333310045
2407686.5132743325	4.68934910766893	6.545538286870654	0.01716378620787865	0.9828357295599507	67.96215204290692	0.0	26.1050235275823
2407686.5132743865	4.689348927415627	6.545538225845605	0.01716558365544811	0.982833932115904	67.96215204290692	0.0	26.105043363216694
2407686.513274433	4.689348770105727	6.545538172498374	0.017167147535358026	0.9828323682390603	67.96215204290692	0.0	26.105060671403766
2407686.513274482	4.689348629906342	6.54553812940023	0.017168769205029223	0.9828307465725694	67.96215204290691	0.0	26.105076230636847
2407686.5132745327	4.689348461593231	6.54553807180791	0.017170450809124927	0.9828290649717728	67.96215204290691	0.0	26.10509473404956
2407686.513274576	4.6893483147283055	6.5455380212919865	0.017171915795421128	0.9828275999883517	67.96215204290691	0.0	26.10511087168568
2407686.513274622	4.689348163151927	6.545537969187339	0.01717343490289391	0.9828260808838608	67.96215204290691	0.0	26.105127527987072
2407686.513274669	4.68934800663535	6.545537915449352	0.01717501013895837	0.9828245056508894	67.96215204290691	0.0	26.105144729113753
2407686.513274719	4.689347845015027	6.545537860030978	0.017176643586087947	0.982822872206968	67.96215204290691	0.0	26.105162493313937
2407686.5132747693	4.689347678170489	6.545537802889567	0.01717833740466583	0.9828211783917185	67.96215204290691	0.0	26.105180833789714
2407686.5132748135	4.689347526751032	6.5455377498212926	0.017179815309162686	0.9828197004901261	67.96215204290691	0.0	26.105197442309453
2407686.5132748783	4.689347317717683	6.5455376790373005	0.01718198322529945	0.9828175325782516	67.96215204290691	0.0	26.105220444681084
2407686.513274958	4.689347063101615	6.545537593210553	0.017184662706491154	0.9828148531023301	67.96215204290691	0.0	26.10524847487969
2407686.5132750734	4.689346701484677	6.545537471036878	0.01718851514265491	0.9828110006737488	67.96215204290691	0.0	26.105288276274592
2407686.5132753607	4.6893458622562765	6.545537188211343	0.017198107718714235	0.9828014081165944	67.96215204290691	0.0	26.10538066761331
2407686.513275629	4.689345108288136	6.545536923575817	0.017207098372286286	0.9827924174807711	67.96215204290691	0.0	26.105463355981364
2407686.5132759586	4.689344191467502	6.545536586569426	0.017218156009723696	0.9827813598652022	68.09687118456745	0.0	26.105563447707436
2407686.513276091	4.689343831777497	6.5455364512882594	0.017222568036481315	0.9827769478471808	68.09687118456745	0.0	26.105602623976974
2407686.5132762934	4.6893432744119465	6.545536235053657	0.017229359146814612	0.9827701567503084	68.09687118456745	0.0	26.105663131976424
2407686.5132765407	4.689342605604882	6.545535977390588	0.01723765319223744	0.9827618627213477	68.09687118456742	0.0	26.10573579261677
2407686.5132765435	4.689342589257149	6.54553596878859	0.017237728543831897	0.982761787369903	68.09687118456742	0.0	26.105737499427452
2407686.5132765463	4.689342584671811	6.54553597089565	0.017237834999581505	0.982761680914365	68.09687118456742	0.0	26.105738114011434
2407686.513276552	4.68934256646842	6.54553596173109	0.017238015658456226	0.9827615002558489	68.09687118456745	0.0	26.10574002700416
2407686.513276565	4.689342525797544	6.5455359452206325	0.017238465209742086	0.9827610507054557	68.09687118456745	0.0	26.10574442028565
2407686.513276599	4.689342428371878	6.545535906620318	0.01723958392509579	0.982759931992324	68.09687118456745	0.0	26.105754972791296
2407686.513276682	4.689342194044484	6.5455358149603144	0.017242368191283115	0.982757147731669	68.09687118456745	0.0	26.10578038910708
2407686.513276787	4.689341895449498	6.5455356982859225	0.017245892145455743	0.982753623784502	68.09687118456745	0.0	26.105812779988145
2407686.5132770007	4.68934130518426	6.545535470924232	0.017253081166459704	0.9827464347778024	68.09687118456745	0.0	26.105876909310854
2407686.5132775335	4.68933988510829	6.545534925090303	0.017270992234477256	0.982728523745501	68.09687118456745	0.0	26.106031228836343
2407686.5132776573	4.6893395677404035	6.545534810885177	0.017275154240503843	0.9827243617477882	68.09687118456742	0.0	26.106065951176276
2407686.5132776625	4.689339552152046	6.545534797202006	0.017275331345223206	0.9827241846434226	68.09687118456742	0.0	26.106067413995937
2407686.5132776694	4.689339533432462	6.545534789061197	0.01727555543875664	0.9827239605503366	68.09687118456742	0.0	26.106069419840505
2407686.5132776825	4.689339492186981	6.545534772608354	0.017276012373384414	0.9827235036166216	68.09687118456745	0.0	26.106073883989794
2407686.5132777165	4.689339400244681	6.545534735941469	0.017277149463559897	0.9827223665287182	68.09687118456745	0.0	26.10608383551296
2407686.5132778	4.689339182506142	6.545534651637777	0.01727997946880531	0.9827195365291288	68.09687118456745	0.0	26.10610747888528
2407686.5132780094	4.689338631189891	6.545534435659012	0.01728702490269507	0.982712491109332	68.09687118456745	0.0	26.106167268477403
2407686.5132782743	4.689337885104822	6.545534138500679	0.017295946094987562	0.9827035699349053	68.09687118456749	0.0	26.106248034101448
2407686.513278814	4.689336502172043	6.545533614312525	0.017314160365539677	0.9826853557009053	68.09687118456749	0.0	26.106398540889995
2407686.5132796858	4.689334337559185	6.545532778560325	0.017343666338800124	0.9826558497870604	68.09687118456742	0.0	26.106633661795307
2407686.5132800476	4.689333469190173	6.545532447993038	0.017355934318871065	0.9826435818317568	68.09687118456742	0.0	26.106728126403233
2407686.513280232	4.689332979079657	6.545532251540104	0.01736219119019775	0.9826373249730768	68.09687118456745	0.0	26.106781145763847
2407686.5132802497	4.689332937175018	6.5455322378540535	0.017362778407589118	0.9826367377568724	68.09687118456749	0.0	26.10678577244313
2407686.513280293	4.6893328285531	6.545532195648396	0.017364239741078185	0.9826352764263381	68.09687118456749	0.0	26.106797563088996
2407686.5132804	4.689332557907436	6.545532092051748	0.01736787692728732	0.9826316392474864	68.09687118456749	0.0	26.106826988058632
2407686.5132806664	4.6893318858814945	6.545531838146812	0.017376933115424667	0.9826225830776832	68.09687118456749	0.0	26.10690015189034
2407686.513281329	4.689330251875021	6.545531233327448	0.017399503184612176	0.9826000130542836	68.09687118456749	0.0	26.10707842487303
2407686.5132822585	4.689328026341581	6.545530420345192	0.01743121785337378	0.9825682984500688	68.09687118456749	0.0	26.107321560700186
2407686.5132841333	4.689323466648776	6.545528817665977	0.017495443333402236	0.9825040731014685	68.09687118456749	0.0	26.10782159924645
2407686.5132887973	4.689312172948156	6.545525174524913	0.017657031985031088	0.9823424847840693	68.09687118456749	0.0	26.109069976989566
2407686.5132927066	4.689302714823398	6.545522285107945	0.017794237378473583	0.9822052796773094	68.09687118456749	0.0	26.110120358429445
2407686.513294012	4.689299534046885	6.545521338526827	0.017840371929836934	0.9821591452227901	68.09687118456749	0.0	26.11047436772582
2407686.513295253	4.689296528241903	6.5455204486263385	0.01788440971251727	0.9821151075327642	68.09687118456749	0.0	26.110809046298765
2407686.5132956603	4.68929554424804	6.545520160099016	0.017898922729312323	0.9821005945465429	68.09687118456749	0.0	26.11091869312328
2407686.513295671	4.689295510881059	6.545520148401121	0.017899329907605944	0.9821001873691072	68.09687118456749	0.0	26.110922353689663
2407686.5132956863	4.689295477391084	6.545520138944092	0.0178998434929326	0.9820996737848628	68.09687118456749	0.0	26.110926096409216
2407686.5132957227	4.689295394488742	6.545520115564016	0.01790112156402097	0.9820983957164677	68.09687118456749	0.0	26.110935362188712
2407686.51329579	4.689295238193959	6.545520071981648	0.017903563744608005	0.9820959535410274	68.09687118456749	0.0	26.110952845764043
2407686.513295873	4.689295050297524	6.545520019175611	0.017906483101460417	0.9820930341903281	68.09687118456749	0.0	26.110973852030465
2407686.513295897	4.68929499311788	6.545520000529281	0.017907334563007055	0.9820921827305766	68.09687118456745	0.0	26.11098016709074
2407686.513295902	4.689294980758058	6.54551999805357	0.017907523709029313	0.9820919935849528	68.09687118456749	0.0	26.110981578880494
2407686.5132959103	4.689294961201657	6.545519992407746	0.01790783043645567	0.9820916868581733	68.09687118456749	0.0	26.110983760728768
2407686.5132959224	4.689294932785822	6.545519984424229	0.017908262332540576	0.9820912549629989	68.09687118456749	0.0	26.110986937610384
2407686.513295946	4.689294874178968	6.54551996683079	0.017909125890521193	0.9820903914068384	68.09687118456749	0.0	26.1109934559408
2407686.513296007	4.689294729291555	6.5455199235061	0.017911274999440726	0.9820882423024496	68.09687118456749	0.0	26.111009575614535
2407686.5132961576	4.689294367915618	6.545519815335468	0.017916624529430013	0.9820828927837406	68.09687118456749	0.0	26.111049777765658
2407686.513296531	4.689293519646024	6.545519572137634	0.017929947380123018	0.9820695699611527	68.09687118456749	0.0	26.11114446793579
2407686.5132969893	4.689292467285586	6.545519257434697	0.017946303647539432	0.9820532137282635	68.09687118456749	0.0	26.111261550146185
2407686.513297002	4.689292442552365	6.545519250701399	0.017946730828507895	0.9820527865481972	68.09687118456749	0.0	26.11126432182272
2407686.5132970177	4.689292404664643	6.545519239182774	0.017947311130080842	0.9820522062478493	68.09687118456749	0.0	26.111268531431485
2407686.5132970363	4.689292357861264	6.545519223931588	0.017947959595442414	0.9820515577838573	68.09687118456749	0.0	26.11127370091359
2407686.513297081	4.689292253696258	6.5455191927905405	0.017949573352709906	0.9820499440299976	68.09687118456749	0.0	26.11128529027768
2407686.513297183	4.689292022835072	6.545519124843092	0.0179532167901345	0.9820463006002679	68.09687118456749	0.0	26.11131100801754
2407686.513297324	4.689291703716498	6.545519030032395	0.01795821921642975	0.9820412981845397	68.09687118456749	0.0	26.111346530926426
2407686.513297672	4.689290919538852	6.545518798365902	0.017970676823733583	0.9820288406035619	68.09687118456749	0.0	26.11143386192295
2407686.5132980426	4.689290102768512	6.545518557360102	0.017983955286839676	0.9820155621685325	68.09687118456745	0.0	26.111524831659896
2407686.513298055	4.689290067483252	6.5455185453774485	0.01798440235469105	0.9820151151016264	68.09687118456749	0.0	26.111528714420174
2407686.513298086	4.689289994412407	6.545518522654614	0.01798551488167923	0.9820140025769912	68.09687118456749	0.0	26.11153681795273
2407686.5132981627	4.6892898082149985	6.545518464009689	0.01798828369465855	0.9820112337698682	68.09687118456749	0.0	26.111557444855208
2407686.5132983546	4.689289343130431	6.545518320644749	0.017995176419112403	0.9820043410599961	68.09687118456749	0.0	26.111609060629693
2407686.513298833	4.689288226472965	6.545517996854344	0.01801234647780788	0.9819871710376429	68.09687118456749	0.0	26.111733603384483
2407686.5132989422	4.689287974632534	6.545517925189803	0.018016278735804	0.9819832387879733	68.09687118456749	0.0	26.111761732557
2407686.513298949	4.689287957183422	6.545517919103982	0.018016509811139933	0.9819830077131264	68.09687118456749	0.0	26.11176364784352
