star_age	log_Teff	log_L	center_h1	center_he4	he_core_mass	co_core_mass	radius
1e-05	4.88186675331023	6.933135806571947	0.7600000037471403	0.2399744640769308	0.0	0.0	16.806897735159193
7.441600000000001e-05	4.8820595437150685	6.93393977659326	0.7600000254131292	0.2399744953597856	0.0	0.0	16.807532578443567
0.00025958682112	4.882056219170045	6.9339292287667975	0.7600000749394147	0.23997458434189783	0.0	0.0	16.807585798934976
0.0007203510787293181	4.882054040628538	6.933929480323248	0.7600001629925728	0.2399747923917901	0.0	0.0	16.807759290579245
0.0018668799962237369	4.882048933977544	6.933932548689802	0.7600003057357269	0.23997521590011608	0.0	0.0	16.808213939632534
0.004719810832203447	4.882035119714127	6.933931389967921	0.7600005262552442	0.23997595678237263	0.0	0.0	16.80926083832675
0.01181881568998848	4.882002536169984	6.933919122004094	0.7600008306119802	0.23997704544483267	0.0	0.0	16.81154585544938
0.02948341145771213	4.88193487896916	6.933908337360491	0.7600011695973077	0.23997833539942323	0.0	0.0	16.816575893440174
0.07343857839845425	4.881798863421755	6.93390612143098	0.760001643642012	0.23998030437361267	0.0	0.0	16.827069742506104
0.1828130994004416	4.881550178144099	6.933922538193088	0.7600022322592501	0.23998319247486047	0.0	0.0	16.846670189213167
0.45497190750010674	4.881201843432482	6.934048116292238	0.7600028390582217	0.23998735499276144	0.0	0.0	16.876156034236644
1.1321901128706655	4.880867885572339	6.934501927268085	0.7600030618583651	0.23999189039637517	0.0	0.0	16.910963545877596
2.8173257176583335	4.880714468667549	6.935795195329761	0.7600027756615334	0.23999545967387775	0.0	0.0	16.948131350751577
7.010482345763583	4.880915366021162	6.939001501078705	0.7600024247078491	0.23999727548044852	0.0	0.0	16.995078673687832
17.444397846610435	4.881555570483325	6.944993296958266	0.7600023305730103	0.23999765807311027	0.0	0.0	17.062343006132593
43.40731846567767	4.882593825030502	6.952780955011547	0.7600023218986315	0.23999767779770953	0.0	0.0	17.13389054905155
108.01137310051504	4.88451298843954	6.960757456313136	0.7600023088938128	0.23999769086350645	0.0	0.0	17.139806401280016
268.7669343294736	4.8891494143376075	6.968001720955345	0.7600022729962049	0.23999772680465883	0.0	0.0	16.918240434486695
668.7782124467157	4.901082391046262	6.973952607730879	0.7600021581818677	0.23999784169647764	0.0	0.0	16.1236990209831
1664.1342760114112	4.9298082955085105	6.977933690785268	0.7600016500521667	0.23999834991344335	0.0	0.0	14.190686810324056
3507.7730686594964	4.975453136578419	6.981202874054038	0.7599991638331507	0.24000083616136084	0.0	0.0	11.543787530360532
5923.453095844668	5.023190623626789	6.986474949811636	0.7599854288309839	0.24001457114671168	0.0	0.0	9.32200622305104
9745.941438471395	5.031250111668724	6.9879328142042985	0.7590620873789904	0.24093791194953423	0.0	0.0	8.997447984787602
19257.515631196333	5.021645269322268	6.987071477451216	0.7563551110159628	0.24364488795766248	0.0	0.0	9.39503410434575
42925.355926437645	5.015973982649994	6.987601178357664	0.749866823902853	0.25013317472545055	0.0	0.0	9.64952164751375
101818.5162898925	5.009721505309523	6.9896763667105155	0.7336430468228444	0.2663569513444824	0.0	0.0	9.9551620440342
248363.5450854844	4.999702909505184	6.99583146782426	0.6920310134892843	0.3079689839198243	0.0	0.0	10.499366014565204
445040.54551922414	4.987061699112795	7.004371758377987	0.6329052957524017	0.3670947007306285	0.0	0.0	11.238688698762145
606692.1466982501	4.97570473931226	7.011134914096622	0.5812376098398403	0.41876238580714054	0.0	0.0	11.93468990294304
758979.1047884556	4.963462229718195	7.017525614546894	0.5298829610447447	0.47011703369077806	0.0	0.0	12.720128795265884
903324.297589112	4.942690249555861	7.029693618236001	0.48337958810925774	0.5166204056842452	0.0	0.0	14.194479465413288
1069459.713026157	4.920793905087228	7.03784815246437	0.42150272815223905	0.5784972641587381	0.0	0.0	15.848546080542006
1200630.0179489283	4.901787147473908	7.043158519422912	0.369591915357579	0.6304080754682291	0.0	0.0	17.404362715580834
1323693.896647637	4.880611521006286	7.048036015020227	0.31824314010402593	0.6817568489359149	0.0	0.0	19.29514854484217
1440300.1206274244	4.856316239301214	7.0526794129388755	0.266849578024036	0.7331504087661797	0.0	0.0	21.695036679997074
1550681.0206398966	4.828308357009676	7.057259907955362	0.21548048361825833	0.7845195002044352	0.0	0.0	24.81226442595553
1655245.242484367	4.79547552044994	7.061943585560115	0.16405384145598073	0.8359461381704337	0.0	0.0	29.018430058758604
1754060.6143287166	4.754735218200315	7.0662214011152	0.11261844403666577	0.8873815289300494	0.0	0.0	35.17980477052929
1846782.4152209468	4.710352659920351	7.069750255463579	0.06144132044351898	0.9385586393117749	216.38247437368165	0.0	43.33342025746098
1907980.8842469424	4.674947662585337	7.072703843571473	0.02578452278993656	0.9742154116967389	216.38247437368165	0.0	51.1811167153309
1933725.3570330776	4.660359605805822	7.074035450168789	0.01030244167413356	0.9896974560737365	216.38247437368207	0.0	54.821595937113706
1943874.794114652	4.656214767806084	7.075042427194521	0.004137210733026448	0.9958626382557626	216.3824743736814	0.0	55.94288235582218
1947952.039456895	4.657132474923389	7.075554168456907	0.00168624652998258	0.9983135391457181	216.38247437368153	0.0	55.7397857739544
1949648.9141793104	4.659828252251097	7.075951807954588	0.0007017535794034152	0.999297953438068	216.38247437368156	0.0	55.07728962886392
1950395.6301339683	4.663013082385681	7.076268327659224	0.0003020926157884042	0.99969752312486	216.38247437368105	0.0	54.29516533256139
1950754.2271198805	4.666006655313361	7.076517914486808	0.00013571498619457047	0.9998638014875711	216.38247437368096	0.0	53.567182908582915
1950945.8153142696	4.668436751172709	7.076706283080782	6.362578646565656e-05	0.9999357878891503	216.3824743736804	0.0	52.982543096535615
1951045.4772491793	4.603685452233603	7.073507569994032	0.059481885391063104	0.9405176394659949	262.1512664756325	0.0	71.12725385578707
1951054.7581739803	4.510070735697556	7.099590767317023	0.09520507787557748	0.9047944847910551	232.78945424504477	0.0	112.79947365009777
1951057.579792464	4.474053856285148	7.1106226421482726	0.09533709665451866	0.904662466065981	201.5016622952351	0.0	134.85180670196053
1951062.4200249028	4.416167430372509	7.1208380054486256	0.09530222745368339	0.9046973350848349	201.50166229523617	0.0	178.13009636289596
1951066.68361184	4.362997558441301	7.12642515894876	0.09527618457333309	0.9047233778480273	201.5016622952355	0.0	229.01853037874633
1951070.5358962056	4.3106618647773125	7.130067988708794	0.09525548413830655	0.904744078199452	201.50166229523484	0.0	292.66003868262845
1951074.0225506627	4.25767854304157	7.1326327522182815	0.09523857326591509	0.9047609890092888	201.5016622952344	0.0	374.63853879035247
1951077.1103464449	4.204295217718727	7.134432334814553	0.09522478900034517	0.9047747732273016	201.50166229523452	0.0	480.0416201553243
1951079.8140525448	4.151006843985665	7.135651284417449	0.09521348286519801	0.9047860793259093	201.50166229523413	0.0	614.4196761887956
1951082.232410866	4.09900886007177	7.136418043360346	0.09520391159570148	0.9047956505658591	201.5016622952342	0.0	781.3479236556966
1951084.5054240744	4.048260189516793	7.13685062445168	0.095195335355177	0.904804226781004	201.50166229523504	0.0	987.5477277239976
1951087.0215000992	3.9924523228480058	7.136985792975557	0.09518627216113461	0.9048132899492408	201.50166229523555	0.0	1277.1485412180405
1951089.433867652	3.938924792435981	7.137032785531749	0.09517796613532818	0.9048215959524905	201.50166229523612	0.0	1634.2555508872408
1951092.107175653	3.8834333770986578	7.136888047113087	0.09516915602007038	0.9048304060446647	201.50166229523663	0.0	2109.747253681684
1951096.0896755937	3.844754936739988	7.136608615794508	0.09515675118782138	0.904842810845884	201.5016622952353	0.0	2520.2730492085534
1951102.08750443	3.8111596400920367	7.137061106774265	0.09513943486224889	0.9048601271313904	201.50166229523592	0.0	2943.502669852443
1951108.223448708	3.7845663497755897	7.139352237897178	0.09512311948602384	0.9048764424727502	201.50166229523612	0.0	3335.7736998411874
1951112.662929044	3.7661570102202377	7.153059815689432	0.09511202700462924	0.9048875349320277	201.50166229523873	0.0	3688.6635844753055
1951123.4206528077	3.7646538187600944	7.155371711867732	0.09508743417420581	0.9049121277173786	201.50166229523643	0.0	3724.1861381520393
1951150.189312003	3.7643425609367847	7.155755511866688	0.09503609238561476	0.9049634694278564	201.50166229523637	0.0	3731.176512729523
1951216.798302054	3.76347353895386	7.157091892827515	0.09494015693516064	0.905059404776928	201.50166229523833	0.0	3751.9066938210512
1951382.5427841763	3.763144480812503	7.157726923205312	0.0947706423186844	0.9052289193030749	201.50166229523688	0.0	3760.344730839297
1951794.9680939305	3.7640989274819145	7.156364667707001	0.0944435155842232	0.9055560459909344	201.501662295237	0.0	3737.985735639321
1952234.0628761423	3.7652690785588225	7.155204444674949	0.09412933894768538	0.905870222620064	201.5016622952357	0.0	3712.933971597976
1952471.4123612328	3.7658681897397215	7.154777113123375	0.09397591765692925	0.9060236439099162	201.50166229523816	0.0	3700.882850478195
1952641.3980589695	3.7663375942484416	7.154499824668549	0.09387099416389048	0.9061285674027395	201.50166229523825	0.0	3691.7126074628186
1952812.3024701048	3.7668456167663864	7.154236186492827	0.0937645991970194	0.9062349623695389	201.50166229523745	0.0	3681.9680919781727
1952960.8122981277	3.767332327293908	7.154012540938473	0.09367752630612539	0.9063220352620568	201.50166229523663	0.0	3672.778832251995
1953077.6129982085	3.7681076307583745	7.153382619085215	0.09360519770349345	0.9063943638658589	201.50166229523805	0.0	3657.03577533782
1953115.780951569	3.767801358051416	7.153809528318918	0.09358114690788023	0.9064184146618114	201.5016622952371	0.0	3663.99783958254
1953210.7550332744	3.7682179534064457	7.153646153391883	0.0935421346014736	0.9064574269810377	203.1144480379837	0.0	3656.2874414191465
1953353.7903865692	3.768815091732253	7.153433599838064	0.09349826196896804	0.9065012996528216	204.43346541747803	0.0	3645.354573451312
1953502.0894408647	3.7707918526341055	7.153577400418978	0.09345993540981808	0.9065396262570419	205.83159566472273	0.0	3612.9184244319936
1953529.263095784	3.769599349818837	7.1531121023439175	0.09344285445124645	0.9065567072165792	205.83159566472384	0.0	3630.868434323004
1953595.110143448	3.7699145308294426	7.15308993851024	0.0934106196683804	0.9065889420081581	205.83159566472384	0.0	3625.5096753489975
1953678.4259385767	3.7703853090423904	7.152956129044196	0.09336251508971104	0.9066370465926192	205.83159566472483	0.0	3617.1007634940247
1953800.967585083	3.7710860394015473	7.152769964996771	0.09331461547835576	0.9066849462282804	206.0417384937251	0.0	3604.6745852554313
1953876.327300852	3.7715492053597295	7.152655571909246	0.09327547827453267	0.9067240834401208	206.8721581963408	0.0	3596.520466853299
1954041.9770144257	3.772643428475984	7.152400531277469	0.09320744573920813	0.9067921160050221	208.74365964802843	0.0	3577.392313791145
1954154.0044983283	3.7734662284376848	7.1522333354854775	0.0931544769733037	0.9068450847857734	208.74365964802843	0.0	3563.1767978919756
1954266.6374517025	3.7743695186329567	7.15205971691747	0.09309948898481071	0.9069000727877952	208.74365964802715	0.0	3547.676261969134
1954364.511464574	3.7752195328908567	7.151914617984306	0.09304866637157261	0.9069508954104787	209.2763676264676	0.0	3533.2258897582046
1954424.70126944	3.775804010396995	7.151821841248078	0.09302075077217233	0.9069788110179312	209.8081929989708	0.0	3523.352220790029
1954550.2321101984	3.777068115965174	7.15161909340986	0.09295112943330099	0.9070484323656213	209.80819299897263	0.0	3502.083329907773
1954607.2726496828	3.777685509147683	7.151536797353407	0.09293652860372645	0.9070630332106192	210.07366438225463	0.0	3491.8094922842856
1954726.2354357352	3.779067287443475	7.151348514834629	0.09286788277876429	0.907131679041821	210.07366438225287	0.0	3468.908490913871
1954812.971342722	3.7801815804762144	7.151210086546729	0.09281907302599383	0.9071804887998789	210.07366438225128	0.0	3450.603378375569
1954857.9352369043	3.780782067562387	7.151146553283899	0.09279517325233845	0.907204388577272	210.33913576553363	0.0	3440.8227607901076
1954934.9593747675	3.781845827508276	7.151023120581839	0.09274456354718201	0.9072549982824288	210.33913576553385	0.0	3423.521551408386
1954996.5660723764	3.7827664602954663	7.150934256744703	0.09271281848726735	0.9072867433478534	210.86919592615993	0.0	3408.688917735769
1955039.0774134872	3.783439367096584	7.150869975369228	0.09268491811728134	0.9073146437178429	210.86919592616147	0.0	3397.8907747592957
1955120.5621950885	3.784779235136864	7.15073557763738	0.0926443525250573	0.9073552093181165	210.8691959261626	0.0	3376.46676615915
1955166.5240239173	3.7856099266490384	7.150669776033057	0.09261422732581272	0.907385334517354	210.8691959261618	0.0	3363.3200445445796
1955221.8912848283	3.786675700983563	7.150583086393011	0.09258532883944774	0.907414233008332	211.13378470350685	0.0	3346.519054112717
1955321.272763491	3.7886794202118024	7.15042801402979	0.09252534266936453	0.9074742191815449	211.13378470350813	0.0	3315.189265187559
1955370.4119430208	3.7897664913663434	7.150351726000243	0.092511476768385	0.9074880850937309	211.5306678695237	0.0	3298.344704956736
1955407.7601764232	3.790641319833031	7.150288835429434	0.09248702896316448	0.9075125328991237	212.45406772567412	0.0	3284.845433590554
1955446.482824814	3.7915681128732746	7.1502233721855335	0.09246173161853874	0.9075378302437387	212.45406772567392	0.0	3270.608952663966
1955480.2125487856	3.7924213001326375	7.150175001757582	0.0924397340372	0.9075598278250737	212.45406772567367	0.0	3257.6022889560663
1955521.837623858	3.7935087418675546	7.150109394223097	0.09243071546317416	0.907568846410368	212.98058441580787	0.0	3241.0846518229714
1955564.9945016927	3.7946904100200145	7.150037757804345	0.09240247563864924	0.9075970862348779	212.98058441580665	0.0	3223.229429714489
1955602.5867025703	3.7957680121202406	7.149983977783114	0.09237793405047637	0.907621627823048	212.98058441580787	0.0	3207.0750675425206
1955641.5622964408	3.7969798380843223	7.14992534299358	0.09235255152901181	0.9076470103445136	212.98058441581	0.0	3189.0120200522865
1955681.9721921647	3.798267556017968	7.149859386610783	0.09234480783088286	0.9076547540539854	213.24339928345125	0.0	3169.915913780112
1955717.2258877151	3.7994602508116606	7.149803055832116	0.0923217570769238	0.9076778048079269	213.24339928345103	0.0	3152.3482339444254
1955753.7769192609	3.800743030495094	7.1497464474612045	0.09229796087864936	0.9077016010061965	213.24339928344855	0.0	3133.5766588002684
1955786.5313455684	3.8019333540470366	7.149693900870028	0.09227666042852661	0.9077229014563188	213.24339928344747	0.0	3116.2579768907513
1955819.462798124	3.803200261851986	7.149648728547509	0.09225518638878984	0.907744375496056	213.24339928344935	0.0	3097.968527640172
1955853.6061281336	3.804578085874113	7.149593559781106	0.09224632831102236	0.9077532335818035	213.24339928344995	0.0	3078.1782770754185
1955889.005932688	3.8060743093741567	7.149541199944784	0.09222327805087052	0.9077762838419456	213.24339928345032	0.0	3056.857135253586
1955931.6498018485	3.8080291492319023	7.149472923654878	0.09219546813185504	0.907804093760962	213.24339928344975	0.0	3029.2235481873468
1956037.761394358	3.8134063144172208	7.149308356482233	0.0921292069919543	0.907870354902468	213.24339928345032	0.0	2954.572901412306
1956174.5274215124	3.8211975248343792	7.149078256983	0.09204320297628667	0.9079563589197309	213.2433992834493	0.0	2849.6875150829064
1956263.9886304575	3.8278753134461008	7.148956151653743	0.09198502346535761	0.908014538430666	213.24339928345097	0.0	2762.9982496922867
1956356.7420118928	3.835606574082244	7.148801407228714	0.09193228192427536	0.9080672799757196	213.24339928345125	0.0	2665.8807354755972
1956452.908717764	3.8448573892674225	7.148646093552061	0.09186983204482305	0.9081297298551733	213.24339928344963	0.0	2554.2383963771554
1956539.0864574197	3.8539034017295233	7.148511805527208	0.09182047454006564	0.9081790873634444	213.2433992834506	0.0	2449.639972884912
1956611.7042299467	3.863336294002002	7.148397453498894	0.09177344257937478	0.9082261193241368	213.2433992834493	0.0	2345.1968361136874
1956716.0780855631	3.8901348069633106	7.148217948057993	0.0917098142781736	0.9082897476273827	213.24339928345069	0.0	2072.490368690259
1956827.201273972	3.9325738205097953	7.148039373779912	0.09163792266432075	0.9083616392412373	213.24339928345103	0.0	1704.21823038221
1956942.4137957145	3.974188730318851	7.147848582216873	0.09156847092771073	0.9084310909802767	213.24339928344972	0.0	1406.6951539955487
1957061.866138257	4.013545527844915	7.147658876409968	0.09149115800579656	0.9085084039022004	213.24339928345032	0.0	1173.2526488183553
1957260.2098768775	4.0708791278582215	7.147350862016388	0.09136705901322918	0.9086325028967904	213.85104729025548	0.0	900.6796204934504
1957394.390763908	4.104708039282063	7.147147074621282	0.09130370855661725	0.9086958533657651	213.8510472902552	0.0	770.5673787428715
1957639.4931442495	4.1586205995466	7.146777515776525	0.0911706549924955	0.908828906942956	214.7187257992963	0.0	600.8979462170512
1957964.0768566325	4.215744903675801	7.146296970925759	0.09096189755264848	0.9090376643828314	214.7187257992969	0.0	461.6489360339469
1958362.681120636	4.269514767642643	7.145736868273241	0.09074132661896701	0.9092582353346477	215.4040484675896	0.0	360.1571655162605
1958870.3494531815	4.3225931758635605	7.1450645021058605	0.0904474094720986	0.9095521524967664	215.87717055131745	0.0	281.8376832313516
1959536.6750714276	4.377827099056447	7.144215538136949	0.09002278934789672	0.9099767726211053	215.87717055131824	0.0	218.32664034981576
1960408.3767049415	4.435153675554945	7.143106577844337	0.08954107213912932	0.9104584898644985	215.5671940137018	0.0	167.45537752471088
1961457.6611097795	4.490973903738498	7.141746139627503	0.08897501690540631	0.9110245451450432	217.41989531002733	0.0	129.29401538110602
1962739.1878687053	4.544385008867047	7.1400494737935905	0.08829546775777108	0.9117040943512781	218.89131068626347	0.0	100.90388320359014
1964608.2684939157	4.6005401675903945	7.1376010423934355	0.08738692630131396	0.9126126359215913	222.33768412934543	0.0	77.69147144371792
1967701.488097248	4.471241668662966	7.143899478705522	0.10783390478823084	0.8921656776326092	0.0	0.0	141.94482473013048
1968913.500508214	4.131822859426136	7.149284664836116	0.1388668572147959	0.8611327534305726	0.0	0.0	681.7886615320874
1969047.3130364376	4.04425846840436	7.1498031125998995	0.13879156916877233	0.8612080414812671	0.0	0.0	1021.0283016324752
1969079.987476817	4.01850277214524	7.149928125757789	0.13877201800051797	0.8612275926498182	0.0	0.0	1149.7718709039495
1969102.5922629312	4.000174023349461	7.150002459594996	0.13875845366927542	0.8612411569812604	0.0	0.0	1251.1412528524795
1969126.0289051745	3.98027785066612	7.150080887842892	0.13874436682205063	0.8612552438286755	0.0	0.0	1371.3171374533763
1969146.416981644	3.9617761019035727	7.150141614508788	0.138732094553128	0.861267516097751	0.0	0.0	1493.3849294377603
1969164.1762057731	3.945437171419555	7.150197362502148	0.13872139689413315	0.8612782137568707	0.0	0.0	1610.1913871052982
1969182.58896935	3.92800422345852	7.1502649279837875	0.1387102862821871	0.8612893243689378	0.0	0.0	1744.9266593569089
1969198.6523110075	3.9123552126787344	7.150314436628553	0.13870058771290592	0.8612990229383183	0.0	0.0	1875.426091801984
1969215.3067836375	3.89618325355124	7.150329010383318	0.13869052694837944	0.8613090837029415	0.0	0.0	2020.464196467438
1969230.2313336	3.883334804476819	7.150424027607613	0.13868150695082765	0.8613181037005752	0.0	0.0	2143.855776409733
1969245.2365455483	3.872269393201023	7.150471760180926	0.13867243194950274	0.8613271787019791	0.0	0.0	2256.0579688979715
1969260.7939492965	3.863928987207939	7.150521677299278	0.13866300616265756	0.8613366044889019	0.0	0.0	2344.531246335906
1969274.3127773933	3.8587742714284414	7.150578111771931	0.13865481242867303	0.8613447982229508	0.0	0.0	2401.008369270275
1969288.3290983636	3.8545202965470686	7.150623937746691	0.13864631423178167	0.8613532964199061	0.0	0.0	2448.637727628288
1969302.8612199456	3.8504551452921856	7.150677707871741	0.138637500286342	0.8613621103654093	0.0	0.0	2495.0641963691005
1969315.5030482004	3.846946602048917	7.150724614566212	0.13862983047345312	0.8613697801783515	0.0	0.0	2535.842428945429
1969331.1244139115	3.8426651177550175	7.1508071943017795	0.13862034752763475	0.8613792631242329	0.0	0.0	2586.583617057956
1969347.320645881	3.838240568634199	7.150889260030149	0.13861049882337917	0.8613891118285506	0.0	0.0	2640.077364762492
1969361.4101222013	3.834746053793188	7.150951662576955	0.1386019286201955	0.8613976820317858	0.0	0.0	2683.1001562926604
1969378.8203304284	3.8305705532950887	7.151046784324432	0.13859133517892988	0.8614082754731146	0.0	0.0	2735.491983774029
1969396.8712343187	3.8265677674967127	7.151148842495312	0.13858034635144337	0.8614192643006631	0.0	0.0	2786.711739350538
1969410.0639001809	3.8240854689055888	7.151191482452826	0.13857230544591856	0.861427305206232	0.0	0.0	2818.8889310612935
1969433.0975793228	3.8198709561368633	7.15129448003705	0.13855826174156893	0.8614413489106563	0.0	0.0	2874.47468742668
1969448.0948025172	3.8173602557749424	7.1513872882254645	0.1385491150781593	0.8614504955741176	0.0	0.0	2908.2135489533407
1969468.8761133817	3.814097117035276	7.151489351455052	0.13853643688903297	0.8614631737633072	0.0	0.0	2952.593113718651
1969484.9974420432	3.8117757888010426	7.1515870147173475	0.13852658807127874	0.861473022581108	0.0	0.0	2984.66154871241
1969504.2240276767	3.80919530357132	7.151702430564944	0.13851483885130392	0.861484771801138	0.0	0.0	3020.7429390814737
1969524.1581516615	3.8067593033083296	7.151805967286907	0.13850265363203546	0.8614969570204615	0.0	0.0	3055.1851742559033
1969544.8258514092	3.8044270334598034	7.151918344505078	0.1384900162358227	0.8615095944167288	0.0	0.0	3088.575813607996
1969559.8946955616	3.80286985373342	7.152001064193679	0.13848079817201467	0.8615188124805754	0.0	0.0	3111.100104918357
1969575.5180731788	3.8013559444379386	7.15208267962973	0.13847123033037712	0.8615283803222528	0.0	0.0	3133.160276953203
1969591.716391092	3.799864894179037	7.152163870860715	0.13846130821181848	0.8615383024408529	0.0	0.0	3155.043184001383
1969608.5108071049	3.7984228150880943	7.152246657110298	0.13845101863921166	0.8615485920135014	0.0	0.0	3176.3683446913747
1969633.271744738	3.796419193505894	7.152378366256132	0.1384358438006988	0.8615637668520746	0.0	0.0	3206.298537871974
1969651.324973439	3.795085057866564	7.152472857948979	0.13842477687542062	0.8615748337773936	0.0	0.0	3226.409398564958
1969670.042560956	3.7937740250714858	7.1525724934661	0.13841329577208727	0.8615863148807664	0.0	0.0	3246.320224827933
1969697.638936848	3.7919686226350127	7.152715984322537	0.13839635153578608	0.8616032591171311	0.0	0.0	3273.9640609741564
1969726.2508593728	3.790257927546409	7.152865747252662	0.1383787776435882	0.8616208330093931	0.0	0.0	3300.427365396734
1969747.111845679	3.7891268606829662	7.1529702256309475	0.1383659607791672	0.8616336498738605	0.0	0.0	3318.062423982358
1969768.7405162824	3.7880332197240545	7.153078109743045	0.13835266886541317	0.8616469417876613	0.0	0.0	3335.229905728616
1969787.5803714988	3.787123720138773	7.153174727315291	0.13834108810344187	0.8616585225496731	0.0	0.0	3349.601051720243
1969807.1135333877	3.786243298927968	7.153271242736446	0.13832907848259338	0.8616705321705632	0.0	0.0	3363.583275301012
1969827.3655156335	3.7853786910525686	7.153363139957013	0.1383166104267791	0.8616830002264189	0.0	0.0	3377.359947590866
1969848.3627708273	3.784518979851669	7.1534624915337535	0.13830368054924772	0.8616959301039925	0.0	0.0	3391.14567938827
1969870.132725011	3.7836557082723967	7.1535710232653935	0.13829027170860525	0.861709338944678	0.0	0.0	3405.0794992688893
1969892.703813509	3.7828261376601215	7.1536768147597085	0.13827636605921126	0.8617232445941168	0.0	0.0	3418.529192644086
1969916.105518064	3.782007579058411	7.153788460627413	0.13826194527806407	0.8617376653753066	0.0	0.0	3431.8811005542934
1969944.9850223772	3.780995557206984	7.153934698961081	0.1382441440703607	0.8617554665830648	0.0	0.0	3448.4933745311323
1969994.4562472808	3.779446884765119	7.154150854402778	0.13821363678952686	0.8617859738639944	0.0	0.0	3474.040031526626
1970020.7913875	3.778714770633312	7.154210784985592	0.13819739073604084	0.8618022199175295	0.0	0.0	3486.0130782427377
1970059.4152717025	3.7776860281909777	7.154491917800808	0.1381735350453628	0.861826075608272	0.0	0.0	3503.701211954222
1970087.887937474	3.7770390139213	7.154596234315301	0.13815594030995473	0.8618436703437277	0.0	0.0	3514.5785179483883
1970112.629666895	3.7764924033905314	7.154703094066124	0.13814064692386632	0.8618589637298624	0.0	0.0	3523.870184602459
1970138.2818919583	3.7759344299458406	7.15483401475739	0.138124786626664	0.8618748240271124	0.0	0.0	3533.46918596934
1970164.878118904	3.7753718261316527	7.154945752092419	0.13810833833828348	0.8618912723155414	0.0	0.0	3543.0916350669636
1970197.7790420917	3.7747028447766553	7.155093056180682	0.13808798484164836	0.8619116258122357	0.0	0.0	3554.6267057702285
1970226.3687690145	3.7741655061025474	7.155221385173909	0.1380702932135272	0.8619293174404052	0.0	0.0	3563.9601653203085
1970256.0105978888	3.7736262240182272	7.155351575608513	0.13805194541241325	0.8619476652415711	0.0	0.0	3573.35777025257
1970286.7432460648	3.77309906366463	7.155480354889545	0.13803291690292355	0.861966693751112	0.0	0.0	3582.5743401220516
1970318.606855694	3.7725905167632767	7.155615586547642	0.1380131825950882	0.8619864280589968	0.0	0.0	3591.533491277384
1970351.6430461577	3.772103439866662	7.155750576003288	0.13799271602010987	0.8620068946340324	0.0	0.0	3600.158066993241
1970380.381991373	3.7717041828507742	7.155858069832993	0.13797490655102404	0.8620247041031666	0.0	0.0	3607.229965937784
1970410.178529772	3.7713058481828288	7.155970971688349	0.1379564366951586	0.8620431739590815	0.0	0.0	3614.3229079007874
1970441.0715807849	3.770897394925176	7.156097304061	0.1379372819716749	0.8620623286826138	0.0	0.0	3621.65455073428
1970473.1014960748	3.7705012903694017	7.1562275212369135	0.13791741671132934	0.8620821939430109	0.0	0.0	3628.810928060131
1970501.0014524683	3.7701745462433705	7.156336832745351	0.13790010839374336	0.8620995022606405	0.0	0.0	3634.732755297679
1970535.432145716	3.769787907058564	7.156466089685902	0.13787874273593856	0.8621208679184976	0.0	0.0	3641.7522027918194
1970565.4233221367	3.7694810764485096	7.156571300402236	0.13786012690719807	0.8621394837472848	0.0	0.0	3647.343431850765
1970596.51817385	3.76917114887132	7.156684621449908	0.13784082099371206	0.8621587896608179	0.0	0.0	3653.029453572105
1970623.6454013728	3.7689075074662113	7.156782392617143	0.13782397437124347	0.8621756362833274	0.0	0.0	3657.8790590505214
1970657.0709440636	3.768586822214276	7.156914461598766	0.13780321120530778	0.8621963994493067	0.0	0.0	3663.8420878012857
1970686.231472308	3.7683396451264737	7.157013254618131	0.1377850940276573	0.8622145166269888	0.0	0.0	3668.432209042696
1970716.4651079916	3.7680845685077737	7.157117779776883	0.13776630556473973	0.8622333050899541	0.0	0.0	3673.185943852725
1970753.7182950133	3.7677851436880463	7.15724493590237	0.13774314797070833	0.8622564626840415	0.0	0.0	3678.7929152983634
1970792.3423993168	3.767491019573326	7.157386749881273	0.13771913058427665	0.8622804800705312	0.0	0.0	3684.380683017582
1970826.038165901	3.7672464952472855	7.157495363799136	0.1376987024822167	0.8623009081726383	0.0	0.0	3688.9931794970903
1970860.9739366956	3.767003694140368	7.157604026862575	0.1376769729108181	0.8623226377440837	0.0	0.0	3693.5823480326167
1970893.4639928665	3.766798771983256	7.157720100582257	0.13765680148276083	0.8623428091721796	0.0	0.0	3697.563722319748
1970926.3885311864	3.766593336690203	7.157826042031093	0.1376363338213805	0.8623632768336077	0.0	0.0	3701.514956065073
1970955.7636306572	3.7664168387799	7.157920106343859	0.1376180641468659	0.8623815465081637	0.0	0.0	3704.925986484451
1970992.0621123652	3.766209908828257	7.158035034657557	0.1375954825956274	0.8624041280594533	0.0	0.0	3708.9489909875706
1971029.6963782	3.76600546250124	7.158147575728446	0.13757206336302677	0.862427547292104	0.0	0.0	3712.9236922364066
1971062.435295395	3.765836174497787	7.158252659499566	0.13755168517854854	0.8624479254766264	0.0	0.0	3716.2689914629223
1971096.379004744	3.7656637412950698	7.158354777755357	0.13753055202346273	0.8624690586317483	0.0	0.0	3719.6584811630905
1971131.571842596	3.765493313433205	7.158455293210374	0.13750952073190828	0.8624900899233472	0.0	0.0	3723.009810280146
1971168.0597768817	3.765323150839557	7.158561943317247	0.13748680112949485	0.8625128095258077	0.0	0.0	3726.3859252735697
1971199.8429322925	3.7651863940742865	7.158651984863482	0.13746705401002038	0.8625325566453195	0.0	0.0	3729.1200543013633
1971232.7957078223	3.765052224142297	7.158745433412744	0.1374465408422205	0.8625530698131629	0.0	0.0	3731.8263706989474
1971266.961145492	3.764910018557272	7.158839673636428	0.13742526753727216	0.8625743431181552	0.0	0.0	3734.676256168468
1971302.383871267	3.764775092409983	7.158939378304313	0.13740320584407886	0.862596404811393	0.0	0.0	3737.4265394902686
1971339.1101533512	3.7646408031656686	7.159035267070681	0.13738144340248823	0.8626181672530288	0.0	0.0	3740.151446727473
1971377.187962616	3.764507650757938	7.159138653695457	0.13735772658790313	0.862641884067658	0.0	0.0	3742.891054872384
1971416.667035262	3.7643726410829728	7.159239853529911	0.1373331768897927	0.8626664337658165	0.0	0.0	3745.6552761873304
1971457.5989377808	3.7642401169924407	7.1593461939821434	0.13730769149938393	0.8626919191562731	0.0	0.0	3748.40081704266
1971500.0371343128	3.7641100009790343	7.159450020082326	0.13728125464983773	0.8627183560058673	0.0	0.0	3751.095913319968
1971537.0603246323	3.7640022542744016	7.1595422009956495	0.13725952104464895	0.8627400896110864	0.0	0.0	3753.355950636448
1971575.4459683564	3.7638957364290406	7.159635824004428	0.13723560381937502	0.8627640068364101	0.0	0.0	3755.6023315725697
1971622.7438712465	3.7637715560337854	7.159745579953708	0.13720611849418235	0.8627934921616413	0.0	0.0	3758.2255329780446
1971664.0066817228	3.763665411270873	7.159837549053953	0.13718048192056248	0.8628191287352547	0.0	0.0	3760.461207035395
1971714.8497629776	3.7635458031727897	7.159956902324263	0.13715031824626708	0.8628492924096054	0.0	0.0	3763.0501456641855
1971767.5638696223	3.7634264489605127	7.160069535914919	0.13711912520218794	0.8628804854537475	0.0	0.0	3765.6073318994095
1971822.217855392	3.7633085345081745	7.160184279846507	0.13708763147821124	0.8629119791777882	0.0	0.0	3768.1504268970866
1971878.8831078385	3.7631924658052687	7.160299558949572	0.13705506540748447	0.8629445452485739	0.0	0.0	3770.665511885152
1971937.6336415736	3.763089667069519	7.160426557300325	0.13702045178236977	0.8629791588737393	0.0	0.0	3773.0026078140527
1971998.5461949513	3.762980269650184	7.160541889234967	0.13698265441655527	0.8630169562396317	0.0	0.0	3775.4051698021062
1972061.7003302928	3.7628745897321174	7.160662450366573	0.13694344465766503	0.86305616599859	0.0	0.0	3777.7673305392254
1972127.178537815	3.762770604492168	7.160781838787183	0.13690277744714083	0.8630968332091788	0.0	0.0	3780.096364483692
1972207.983684813	3.7626564802802367	7.16092439213511	0.13685257017194463	0.8631470404844525	0.0	0.0	3782.7043282294057
1972291.7624612192	3.762546478652834	7.16106458028059	0.1368004945952424	0.8631991160612232	0.0	0.0	3785.231919633841
1972395.2869577368	3.762423660679112	7.161228684782465	0.13673611748179332	0.8632634931747558	0.0	0.0	3788.0890682921513
1972502.6211557249	3.7623102019452257	7.161391856072868	0.13667528319904648	0.8633243274575754	0.0	0.0	3790.7809110170138
1972635.399170088	3.7621837469445456	7.1615765446699005	0.1365928326228739	0.8634067780338422	0.0	0.0	3793.795694369054
1972773.0634153795	3.762065417504131	7.161750750578583	0.13650762065596306	0.8634919900008363	0.0	0.0	3796.6249824634647
1972938.8986830665	3.7619452753462688	7.161940330000913	0.136478189663029	0.8635214210079863	0.0	0.0	3799.5553473562695
1973115.4576842375	3.7618424310719702	7.162109311612295	0.1363695280975138	0.8636300825741204	0.0	0.0	3802.094916675009
1973374.404261296	3.761722756415785	7.162318251435249	0.13723106451759112	0.8627685469865429	0.0	0.0	3805.106124426892
1973817.9854326637	3.7615840562705465	7.162572965254878	0.1370642639810376	0.8629353476142598	0.0	0.0	3808.6540903504265
1974767.9744494453	3.761695407953472	7.1624318693866496	0.14930406749666464	0.850695555243584	0.0	0.0	3806.0832177942393
1975349.8888808207	3.7619378182651855	7.162058332851384	0.1597789836419831	0.8402206485292016	0.0	0.0	3800.2020750445663
1975857.5525070685	3.7621291193486415	7.161806867347101	0.1594655610651	0.8405340711063292	0.0	0.0	3795.7565999599688
1976459.2793153613	3.7620547918056952	7.1618705262615565	0.15910078522320853	0.8408988469483243	0.0	0.0	3797.3343721771744
1976624.9591714991	3.7619850010810953	7.161966181772016	0.15900132193288505	0.8409983102387102	0.0	0.0	3798.9733729339646
1976822.5519387408	3.7618715301751906	7.162128333887692	0.1588827918632464	0.8411168403084046	0.0	0.0	3801.6687024620046
1976966.6170573344	3.761775907215142	7.162275605337214	0.1587970969102621	0.8412025352614454	0.0	0.0	3803.9880950679903
1977115.983772292	3.7616677662986353	7.162452430976928	0.15871189978285133	0.8412877323889123	0.0	0.0	3806.65785386882
1977300.5545505437	3.761524986668357	7.162696882744809	0.15860269734287502	0.8413969348290088	0.0	0.0	3810.233831895155
1977414.0604628993	3.7614296025773566	7.162858574131692	0.15853670720826685	0.8414629249636866	0.0	0.0	3812.617551035996
1977531.7433928296	3.761361553169317	7.162965151177719	0.16420290381339026	0.8357967332424244	0.0	0.0	3814.280521634085
1977676.7495787812	3.7612617918005986	7.16312973862249	0.17101790353059007	0.8289817394648803	0.0	0.0	3816.756435828569
1977827.0919923757	3.7611425451087577	7.163355592391688	0.17092558816664952	0.8290740548288796	0.0	0.0	3819.8461098639928
1977958.2510954144	3.7610353898274487	7.163556534751534	0.17084475582677638	0.8291548871688303	0.0	0.0	3822.615782824172
1978119.8623103595	3.760909789678544	7.163809629160865	0.17074528352125787	0.8292543594744328	0.0	0.0	3825.9421242643566
1978319.30298649	3.7607588891182666	7.164122381998324	0.17062405687654353	0.8293755861192628	0.0	0.0	3829.980595455544
1978493.0276472273	3.7606366347987015	7.164393648717271	0.17051911650114684	0.8294805264947687	0.0	0.0	3833.3344807158583
1978673.1453754788	3.760519060120552	7.164672050379948	0.17041193090344936	0.8295877120925832	0.0	0.0	3836.6401366463897
1978895.4245132103	3.7603822275279577	7.165007996828533	0.170283737796759	0.8297159051994271	0.0	0.0	3840.543638856307
1979276.19355602	3.760163408965256	7.1655637384180695	0.17041923394969086	0.8295804093484338	0.0	0.0	3846.8762182217743
1980223.6687806249	3.7597093851136223	7.16681976896521	0.1735548379473211	0.8264448084680407	0.0	0.0	3860.5063853284455
1982581.2903315125	3.758896380393805	7.169436164882594	0.18409016487411195	0.8159094913083138	0.0	0.0	3886.6772879391456
1988447.8071890173	3.7583686083238854	7.1712913345692	0.18127082440877823	0.8187288317805075	0.0	0.0	3904.465695642789
2003045.5784158828	3.7584853199526655	7.170866357083162	0.17420871674738606	0.8257909394479784	0.0	0.0	3900.458841590932
2039369.504515118	3.7580189910648607	7.172584482996369	0.15640827140878863	0.843591384804152	0.0	0.0	3916.583772985531
2129755.0563063663	3.7566916549541864	7.177986595138022	0.11035969326519532	0.8896399630049897	0.0	0.0	3965.182205431921
2222405.644237569	3.7554249897868033	7.183856837252457	0.06020681067845025	0.9397928456913013	288.59919954415494	0.0	4015.42575205249
2265687.9586563963	3.7546634639152137	7.186795642955705	0.035539110206323006	0.964460546229208	288.5991995441509	0.0	4043.189106939519
2270003.067563745	3.754367968206521	7.187101011350408	0.03302707820696017	0.9669725782357952	288.599199544152	0.0	4050.118499655389
2272507.8492535055	3.754125165912915	7.1872772231221544	0.031564891948301844	0.9684347644982328	288.59919954415335	0.0	4055.472311246668
2274440.576176846	3.7538775182158495	7.187413131339064	0.03043499295376727	0.969564663495325	288.59919954415466	0.0	4060.7353867616794
2275777.672641577	3.753669762163728	7.187507914203649	0.029651942250794077	0.970347714199849	288.5991995441554	0.0	4065.0659297080174
2277163.9742562114	3.753418674235111	7.187604978880816	0.028839146887952007	0.9711605095640505	288.5991995441563	0.0	4070.2239162584656
2278369.9500541417	3.7531616967155568	7.187690207118167	0.028131786597950938	0.9718678698549948	288.5991995441563	0.0	4075.4434467754986
2279420.426518707	3.7529029734403263	7.18776571904377	0.027514589531314446	0.972485066922241	288.59919954415597	0.0	4080.65682956508
2280509.560517169	3.752602568519935	7.18784771419524	0.026874143473992015	0.9731255129799496	288.5991995441558	0.0	4086.691748445112
2281459.7237805575	3.752301978630416	7.187917555509784	0.026314939221018324	0.9736847172330377	288.599199544156	0.0	4092.681810921749
2282311.1922966116	3.752018074070045	7.1879836121383205	0.025813709838336637	0.9741859466156042	288.59919954415534	0.0	4098.347870109404
2283305.842174198	3.7516494763342223	7.188058356152826	0.025227563096438636	0.9747720933571067	288.5991995441549	0.0	4105.663826490421
2284221.1318657566	3.7513002735127303	7.188137020360096	0.024687832926068944	0.9753118235267949	288.59919954415454	0.0	4112.6440607974355
2285141.368378811	3.7509322264759897	7.188212815250851	0.02414470252972556	0.975854953922142	288.5991995441539	0.0	4119.980073384255
2286095.4695955454	3.7505418460840367	7.188293623797718	0.02358122697708472	0.9764184294733615	288.59919954415443	0.0	4127.777511060952
2286791.105912896	3.7501983201601554	7.188342530154568	0.023170073731692324	0.9768295827174452	288.59919954415517	0.0	4134.545595100832
2287512.3416467244	3.7498233042807225	7.188404502432285	0.022743665968476743	0.9772559904790424	288.5991995441564	0.0	4141.987686989692
2288140.5807582308	3.749455495238807	7.188450748369136	0.022371836509314662	0.9776278199365503	288.5991995441567	0.0	4149.230337023292
2288791.9390690406	3.749008784731364	7.188502212381859	0.0219863110908142	0.9780133453530708	288.5991995441554	0.0	4158.021183789285
2289360.185711886	3.748578781304608	7.18854612706741	0.02164996837966248	0.9783496880622642	288.5991995441547	0.0	4166.4738632110975
2289869.407804951	3.7481732218861743	7.188583412023688	0.021348338328833098	0.9786513181111309	288.5991995441538	0.0	4174.441921098765
2290381.382065794	3.7477292005028535	7.18862760463845	0.021044773112178113	0.9789548833256119	288.5991995441526	0.0	4183.199358077456
2290998.124549768	3.74715994259542	7.188674196117668	0.020679077569218027	0.97932057886566	288.59919954415324	0.0	4194.405109324556
2291837.8775091106	3.7463631573433074	7.188750759586698	0.020180650619479244	0.9798190058107957	288.59919954415506	0.0	4210.195143706346
2292408.4792511854	3.7458031661340767	7.188803866792453	0.019841789824891456	0.9801578666018776	288.5991995441566	0.0	4221.324729779616
2292904.311781324	3.7453128552220503	7.188845439942623	0.019547246192098168	0.9804524102313309	288.5991995441565	0.0	4231.0696094483055
2293418.3909485717	3.744802628665099	7.188892340601414	0.019241858040959615	0.9807577983786993	288.59919954415625	0.0	4241.251964709841
2293951.3882291736	3.744275931052071	7.1889404248526825	0.018925225627718135	0.9810744307876704	288.5991995441555	0.0	4251.787112194691
2294503.9998097015	3.7437274697103566	7.188992330611892	0.018596935983011667	0.9814027204275285	288.5991995441549	0.0	4262.794401699517
2295187.609225448	3.7430665444541136	7.189061853880045	0.018190132660310995	0.9818095237435632	288.5991995441547	0.0	4276.1309750939645
2295896.3754676925	3.742412089325516	7.189129880287331	0.017768219787521463	0.9822314366086029	288.5991995441549	0.0	4289.374072803658
2296631.224307652	3.741775727820196	7.189204164763285	0.01733077403118781	0.9826688823559088	288.5991995441554	0.0	4302.330681074362
2297516.449471425	3.7410605979485103	7.189290300142344	0.016803517464401944	0.9831961389102877	288.59919954415574	0.0	4316.950958837424
2298458.917698526	3.740389929227956	7.189384805731642	0.016241373880457696	0.9837582824788909	288.59919954415625	0.0	4330.775839493386
2299303.4904721514	3.7397231786561895	7.189464792581833	0.015737186894252807	0.9842624694492416	288.59919954415614	0.0	4344.493980690715
2300152.6278669997	3.739022056481683	7.189544646699593	0.015229999573039627	0.98476965675225	288.59919954415574	0.0	4358.944819437936
2301033.0135179786	3.738251443116351	7.1895950100109935	0.014703923938903449	0.9852957323646857	288.59919954415426	0.0	4374.694998629639
2301945.797360914	3.7374438906907095	7.189712029297413	0.014158041241654895	0.9858416150359368	288.5991995441538	0.0	4391.58602238707
2302892.171649269	3.736668897845348	7.189816779727719	0.013591717921357296	0.9864079383248421	288.59919954415466	0.0	4407.819024687292
2303873.3725114353	3.7358933615959184	7.1899200633175395	0.013004313360340436	0.9869953428476544	288.5991995441549	0.0	4424.115630375834
2304890.6815653294	3.7351248873332175	7.190031036085742	0.012394813964469054	0.9876048421966352	288.5991995441548	0.0	4440.367386941931
2306116.1683931933	3.7342768185608217	7.190165423555412	0.011660005813185765	0.9883396502790894	288.5991995441558	0.0	4458.432907005629
2307420.901296479	3.733188454719466	7.190305861236976	0.010877132922281553	0.9891225230779956	288.5991995441548	0.0	4481.559657679903
2309028.5630202526	3.732242084633602	7.19050257848	0.009911962983696858	0.9900876928671136	288.59919954415574	0.0	4502.15332106322
2310431.091186708	3.7330252843946288	7.1906641848497115	0.009069492947924232	0.9909301627290112	288.5991995441555	0.0	4486.77906170912
2312159.253973164	3.73200916478626	7.190864646049027	0.008031071046435141	0.9919685843313608	288.59919954415597	0.0	4508.864190547055
2313666.9075724143	3.731255161835045	7.1910652784946185	0.007125653626386447	0.9928740013791343	288.5991995441544	0.0	4525.592817198105
2315878.0762827364	3.7301432531247354	7.191293251620976	0.0057972304674451846	0.9942024236399535	288.5991995441555	0.0	4550.019735836349
2316975.4820629023	3.729254069861176	7.191422184435307	0.005138824619614814	0.9948608288208988	288.59919954415403	0.0	4569.367762471323
2317919.7706218883	3.728140352989119	7.191477951176927	0.004572844258567824	0.9954268084028064	288.5991995441544	0.0	4593.158481298211
2318421.691936369	3.7274430873039144	7.191481116575289	0.004272298906659626	0.9957273532385582	288.5991995441547	0.0	4607.94773526936
2318926.325960467	3.726632475656332	7.191522128903412	0.003970552745347067	0.9960290987811092	288.59919954415443	0.0	4625.399765146375
2319449.5305166515	3.7257479036634145	7.191561022833628	0.003658121307125329	0.9963415294424792	288.59919954415136	0.0	4644.488212051172
2319904.1765854307	3.7248942237240374	7.191548537394183	0.0033870039151980306	0.9966126460193055	288.5991995441514	0.0	4662.7161950632035
2320299.683702918	3.723964300738952	7.191525979459382	0.003151649143797515	0.9968479999480039	288.59919954415346	0.0	4682.60526517467
2320644.1938657267	3.7229786594023104	7.191233968438548	0.002947124217105302	0.9970525240144559	288.5991995441553	0.0	4702.326995508342
2321025.9547029706	3.721652414562151	7.191416317542934	0.002720769127982741	0.997278877974556	288.59919954415426	0.0	4732.128077405906
2321392.106372398	3.720515626463533	7.191516731434721	0.002504145839386242	0.9974954999643341	288.59919954415744	0.0	4757.51617656265
2321771.7324232594	3.7194137313030406	7.191617441685962	0.0022802309062912463	0.997719413261671	288.59919954415403	0.0	4782.273600738967
2322241.3496950925	3.7181025800623826	7.191700317144283	0.002004222903668315	0.997995418678407	288.5991995441544	0.0	4811.695758870818
2322583.748199374	3.717092418044224	7.191707174823156	0.0018037918113886617	0.9981958473826301	288.5991995441541	0.0	4834.16992548799
2323088.5652769087	3.7155637953862417	7.1917811345786	0.0015100452711647645	0.998489589176341	288.59919954415585	0.0	4868.735004179814
2323527.2332836012	3.714230279840921	7.191851284390414	0.0012570340738639954	0.9987425945441781	288.5991995441553	0.0	4899.121873687438
2324157.732810104	3.7122775042372487	7.191961618511543	0.0008992592888561066	0.9991003555063244	288.59919954415454	0.0	4944.005687041724
2324955.499319655	3.7098341590748	7.1921394637580045	0.0004631978958570405	0.9995363757925176	288.59919954415506	0.0	5000.973745881336
2325490.8914608653	3.708269599737287	7.192396327543472	0.00019611891879651888	0.9998033765299172	288.59919954415614	0.0	5038.626020949981
2325744.7680920274	3.7075715599255945	7.1926011232183615	8.908335046927032e-05	0.9999103208630152	288.5991995441564	0.0	5056.041181515958
2325884.773218282	3.7072111657198072	7.192757999069039	4.2296301938608586e-05	0.9999570090875533	288.599199544156	0.0	5065.354313388398
2325970.934301496	3.7069974808081794	7.192874539790113	2.0783569256701795e-05	0.9999784198592117	288.5991995441563	0.0	5071.021701765606
2326028.9072539895	3.706856511543068	7.192975774821115	1.0487507374929512e-05	0.9999886135265981	288.599199544156	0.0	5074.9062658814655
2326070.765812649	3.7067589560420617	7.193053834141832	5.395355623160475e-06	0.9999936041916924	288.59919954415614	0.0	5077.643031669161
2326102.658657404	3.706686686040201	7.193121008082559	2.8186927450623006e-06	0.9999960812384869	288.599199544156	0.0	5079.726066881686
2326128.0229139496	3.70663348637931	7.19316920447121	1.4885020531322258e-06	0.9999973139967385	288.59919954415614	0.0	5081.252660622162
2326149.772250279	3.706587178044196	7.193216490173264	7.697796852519103e-07	0.999997933184124	288.599199544156	0.0	5082.613081036637
2326190.1629262087	3.706504388983528	7.193309564375335	1.7128057001240634e-07	0.9999982940782812	288.59919954415585	0.0	5085.096103434663
2326243.0157045354	3.7064068615443126	7.193412704700454	1.0006648853526522e-08	0.9999980227760865	288.59919954415574	0.0	5087.984623192932
2326305.0390046244	3.7063052919569026	7.193517379872809	4.850880835183231e-11	0.9999972708395503	288.5991995441556	0.0	5090.978546180902
2326361.1290265806	3.7062171340914847	7.193604892161514	2.8706018465358725e-14	0.9999962171169714	288.5991995441556	0.0	5093.55897295949
2326412.8836044115	3.7061418135895066	7.193673793035595	2.1212589189015533e-18	0.9999947794537205	288.5991995441558	0.0	5095.7302533644925
2326461.95394944	3.7060674509510614	7.193735519862829	0.0	0.999992837000529	288.59919954415574	0.0	5097.83786651689
2326509.340280959	3.7059971439149657	7.193795103437902	0.0	0.9999902257023763	288.59919954415534	0.0	5099.838517989161
2326555.7053855616	3.705931699317445	7.193838966530233	0.0	0.9999867272506127	288.59919954415517	0.0	5101.633379017315
2326601.517630614	3.705863866605557	7.19387901262458	0.0	0.9999820448029423	288.59919954415506	0.0	5103.462570767973
2326648.950431621	3.705787987019275	7.193920045380787	0.0	0.9999755091696488	288.59919954415517	0.0	5105.487409362255
2326710.8170537683	3.7056899141978414	7.193969042680029	2.0699528965634386e-23	0.9999634343148045	288.59919954415506	0.0	5108.081922790935
2326768.9896112713	3.7055918208708793	7.194005045453933	0.0	0.9999471990058184	288.5991995441549	0.0	5110.601779580958
2326825.2791597676	3.7054932374878167	7.19403458014788	3.117324246845827e-23	0.9999254319299424	288.5991995441549	0.0	5113.09634311044
2326880.6537476433	3.7053921559393097	7.194057743879448	0.0	0.9998964043293495	288.59919954415466	0.0	5115.6134544739625
2326946.791929528	3.705261648331508	7.194080094994429	0.0	0.9998485501327092	288.5991995441547	0.0	5118.820631344572
2327019.8186608492	3.705108656551408	7.194090396116221	0.0	0.9997744195722053	288.59919954415454	0.0	5122.48913383443
2327090.7006034805	3.7049457115068223	7.194088883835963	0.0	0.9996756653153687	288.59919954415443	0.0	5126.3255139436105
2327185.175088417	3.7047101994140976	7.194074708830911	5.7434196013994565e-24	0.9994919460056709	288.5991995441539	0.0	5131.804656126886
2327290.883454406	3.704410872223886	7.194032157973779	0.0	0.9992089970059357	288.59919954415375	0.0	5138.631743710692
2327434.6554402877	3.7039403286734447	7.193926357152705	0.0	0.998682691688248	288.59919954415346	0.0	5149.151643771429
2327666.985820059	3.703025239118995	7.193737029416823	0.0	0.9975573092497938	288.5991995441542	0.0	5169.769706154002
2328180.6391579863	3.7004938944611534	7.193313085963027	0.0	0.9945187986602528	288.59919954415676	0.0	5227.835516701729
2329280.697187861	3.6947161785590854	7.193141785338618	0.0	0.98762064084036	288.5991995441533	0.0	5367.742779590973
2330605.866388249	3.6878902768031367	7.195812941982238	0.0	0.9792351427220308	288.5991995441538	0.0	5556.215456182731
2333903.31141296	3.6850893267798934	7.200563439707241	0.0	0.9581399746277827	288.5991995441526	0.0	5659.215437436575
2341552.9817259265	3.683636695768196	7.20335432391447	0.0	0.9093520172943869	288.59919954415324	0.0	5715.535562190232
2350650.250328333	3.6826300605976434	7.205893881955777	0.0	0.8526302823318195	288.59919954415403	0.0	5758.905878672767
2356862.6658028676	3.6799856813616834	7.205677085680306	0.0	0.8146078883349064	288.63985634273087	0.0	5828.010707178007
2360591.726635771	3.677313892481344	7.207837879562501	0.0	0.7920727949865174	288.6398563427321	0.0	5914.857902603515
2369198.019365232	3.676363968756678	7.210079231755312	0.0	0.7408278396803369	288.6398563427313	0.0	5956.139202763106
2379401.410756742	3.6759685522404943	7.211180360223291	0.0	0.6818079767904331	288.63985634273183	0.0	5974.5642587480015
2388528.767641932	3.675723679927063	7.211824004291532	0.0	0.6307945268037677	288.63985634273257	0.0	5985.7393729418545
2399426.6576646	3.675380675785743	7.212291085489274	0.0	0.5724442700665547	288.63985634273337	0.0	5998.426642522244
2410570.9583967538	3.674925240339076	7.21255234955284	0.0	0.5147473233643022	288.6398563427332	0.0	6012.8290266644035
2421206.6811920544	3.6744925853348	7.212684656628947	0.0	0.46220362357564815	288.6398563427343	0.0	6025.739026057839
2433207.7303561177	3.674121256099855	7.212999997978152	0.0	0.4058832850777566	288.6195279434437	0.0	6038.243849333281
2445986.9842361733	3.6734746926693767	7.212925224557361	0.0	0.3493347982964654	288.63985634273365	0.0	6055.728386402298
2455842.25207939	3.6732236968841434	7.2129397588753825	0.0	0.30801270393877866	288.63985634273195	0.0	6062.833568501364
2464871.932187395	3.6729600306816046	7.212990843153955	0.0	0.2718863590747111	288.63985634273183	0.0	6070.5567171934945
2473336.3634882574	3.67271034455346	7.213219097974803	0.0	0.23948003096096324	288.63985634273143	0.0	6079.138259084621
2481358.0332817174	3.672585795898259	7.2131338937862415	0.0	0.21004254668790473	288.63985634273115	0.0	6082.029411290907
2489036.694348343	3.6723667501639214	7.2128351371353085	0.0	0.18299898733878145	288.63985634273155	0.0	6086.074007068443
2496461.2161379755	3.671795774873536	7.212256245322288	0.0	0.15787651777274966	288.6500205423777	0.0	6098.032487818362
2503732.0827824613	3.671509513652584	7.2121085341450755	0.0	0.1342166352360018	288.65002054237794	0.0	6105.038409548841
2512354.393194023	3.670886204135579	7.212445231729234	0.0	0.10730367131356612	288.64493844255526	0.0	6124.961574479145
2521449.5203796746	3.670308817245252	7.212306537182456	0.0	0.08012715544761148	288.64493844255543	248.61562655461836	6140.288756209544
2530158.0322536575	3.669956945331368	7.211373713465624	1.997496590443123e-27	0.05520886857661764	288.6500205423789	248.61562655461907	6143.645200150432
2536708.2452915492	3.6698701462605223	7.210946510968574	0.0	0.037150610639703735	288.6398563427334	248.61562655461773	6143.079331627796
2541077.537619113	3.669827926811831	7.209453255939782	0.0	0.02541335784989011	288.6246100432659	248.61562655461785	6133.719835450028
2543943.97991127	3.6700010543003567	7.207697120755187	0.0	0.01784049858839947	288.6398563427322	248.61562655461648	6116.452574119945
2545870.7192957085	3.6702421934481184	7.204582537611949	0.0	0.012815760060423972	288.6398563427332	248.6156265546171	6087.795324771275
2546730.5962002985	3.6698654495557967	7.207671971750595	0.0	0.010594227839602371	288.63985634273246	248.61562655461677	6120.096184233847
2546747.862071089	3.6721769593853617	7.19836665163458	0.0	0.010549679417506523	288.6398563427331	248.61562655461736	5990.768918603938
2546769.500612194	3.6734406125357464	7.198024035936836	0.0	0.010493981413394832	288.63985634273274	248.61562655461705	5953.658962435295
2546772.284615346	3.6739414618699406	7.193564814454859	0.0	0.010486824906193622	288.6398563427331	248.61562655461728	5909.525953842285
2546779.212106069	3.6748305522859375	7.192757571852797	9.487448248743853e-30	0.010469039260462174	288.63985634273297	248.6156265546172	5879.912214414758
2546796.449919785	3.6753416549256466	7.19613876791349	0.0	0.010424847515862406	288.63985634273325	248.61562655461748	5888.968549878963
2546839.3431164115	3.6799732897933937	7.1852180385208975	8.120543031648653e-34	0.01031552977684066	288.6398563427326	248.61562655461677	5692.6646485467
2546900.3459724872	3.6816218612861498	7.187945989412234	0.0	0.010161561697193872	288.6398563427332	248.61562655461748	5667.381301950222
2546937.600504333	3.6852396953337103	7.180685719239154	0.0	0.010068282772019209	285.22975354663754	248.61562655461765	5527.345726126493
2547024.465270279	3.6896004737266352	7.177218105311004	0.0	0.0098531974211534	285.2297535466372	248.61562655461728	5395.867368263493
2547167.263191097	3.6952294290511856	7.170956958207056	0.0	0.00950456071351181	285.22975354663726	248.6156265546175	5220.027390857154
2547332.7844173	3.6985080974549702	7.169048029413927	0.0	0.009104893426431102	285.22975354663697	248.61562655461728	5130.515224150906
2547644.2327096616	3.6971953378021634	7.171113024093108	0.0	0.008356230463117618	285.22975354663623	248.6156265546164	5173.911517753834
2547732.2434369544	3.69945885108318	7.169934254226389	1.34765773274177e-26	0.008145325608581491	284.0638518809977	248.61562655461728	5113.315447868029
2547944.000945302	3.698962910161765	7.170726475788329	0.0	0.007638702524225174	284.0638518809977	248.61562655461705	5129.683598527271
2548056.7263464965	3.6984328996188074	7.17245390380641	0.0	0.007367919682875635	284.0638518809977	248.6156265546172	5152.456258296066
2548329.8819042365	3.6930342671011553	7.179581612377661	0.0	0.0067072830625242936	284.06385188099785	248.6156265546171	5325.68447691088
2549009.580341674	3.689523858193685	7.186181669618043	0.0	0.005049293265742376	284.06385188099785	248.61562655461705	5453.763226956561
2550561.1209033746	3.681461145718655	7.20598531680576	2.1319956615571802e-29	0.0013214238769693745	284.0572305515783	248.61562655461705	5790.599490996625
2551452.6594003267	3.6810482175235713	7.207950407363838	0.0	7.45370660819227e-06	284.0148540432912	248.61562655461609	5814.761810920322
2551912.768423868	3.6810284895366383	7.208592010776547	0.0	0.0	283.67451771111445	248.6156265546159	5819.5872963392885
2552513.5846469575	3.6795132251304414	7.2137572528653235	0.0	9.561604370415648e-17	283.66686871551696	248.6206968711861	5895.292217338922
2553162.0527193104	3.6785375202473487	7.217397721432861	0.0	8.017438260221863e-16	283.66559099136117	248.62085531857997	5946.713027142967
2553498.2531643203	3.678354042451255	7.218432414243581	0.0	1.8576425758376087e-14	283.66433741713195	248.62086027006123	5958.833944827195
2553517.1601884216	3.6793872301299033	7.2110142039504606	0.0	5.583899503644717e-13	283.66303384290177	248.62086042978595	5880.114766202962
2553517.8893585047	3.6799016773464848	7.186486630457868	0.0	7.315595910641799e-12	283.6619027184527	248.6208604297862	5702.865399825164
2553517.9396601454	3.6767673254411095	7.130618988495606	0.0	6.294384594557293e-11	283.6615811187453	248.6208603499225	5425.353043313357
2553517.939816335	3.6548649149937167	7.014325305459815	0.0	6.696544536309723e-11	283.14698369930767	248.6208603499236	5249.113743163431
2553517.939847579	3.658308050078363	7.034554809399166	0.0	6.458209460976379e-11	282.75613157177315	248.6208603499242	5288.280287527535
2553517.939888461	3.662125928277456	7.056409975684769	0.0	6.370931352318749e-11	282.4830953046606	248.6208603499244	5328.516220543123
2553517.9399807393	3.6678924583226897	7.09167274713649	0.0	5.517380879848334e-11	281.9848377770848	248.62086034992433	5403.866578979121
2553517.9400381274	3.670578541112493	7.108691248986845	0.0	5.129934742332606e-11	281.62874610124555	248.62086042978683	5443.042221434097
