star_age	log_Teff	log_L	center_h1	center_he4	he_core_mass	co_core_mass	radius
1e-05	4.609792289215907	6.1154913957975845	0.7600000000000025	0.23997445916979243	0.0	0.0	22.95166943724739
7.441600000000001e-05	4.610022638355947	6.1164489575479815	0.7600000000000131	0.2399744591698398	0.0	0.0	22.95262508923768
0.00025958682112	4.610019427975316	6.116437348866154	0.7600000000000416	0.2399744591699667	0.0	0.0	22.952657667305687
0.0007203510787293181	4.610017902782129	6.116431891578466	0.7600000000001063	0.23997445917025212	0.0	0.0	22.952674671548635
0.0018668799962237369	4.610012398721683	6.116407590942062	0.7600000000002386	0.23997445917082807	0.0	0.0	22.952614305944547
0.004719810832203447	4.610009008400572	6.116392274483236	0.7600000000004632	0.23997445917177665	0.0	0.0	22.952567925203375
0.01181881568998848	4.610009787625445	6.116393997556291	0.7600000000008234	0.23997445917326043	0.0	0.0	22.95253109320153
0.02948341145771213	4.610010633646101	6.116393207288777	0.7600000000015052	0.23997445917609533	0.0	0.0	22.952420785938635
0.07343857839845425	4.610012766593268	6.1163914136475634	0.7600000000028889	0.23997445918187227	0.0	0.0	22.95214793858201
0.1828130994004416	4.610018152743342	6.116387152121197	0.7600000000049381	0.2399744591937714	0.0	0.0	22.951466031186463
0.45497190750010674	4.610031833793388	6.116378545259926	0.7600000000108875	0.23997445922275207	0.0	0.0	22.94979264161212
1.1321901128706655	4.610068783379784	6.116372372746384	0.7600000000256184	0.23997445929457784	0.0	0.0	22.945724795642494
2.8173257176583335	4.610163800407458	6.116373754651569	0.760000000212869	0.2399744602020664	0.0	0.0	22.935723130949963
7.010482345763583	4.610401312488842	6.116383084687304	0.7600000008117587	0.2399744631073774	0.0	0.0	22.910896227237576
17.444397846610435	4.6109903165492705	6.116400024570184	0.7600000023631583	0.2399744706420052	0.0	0.0	22.84928107399744
43.40731846567767	4.612449412480929	6.1164381853472145	0.7600000066436622	0.23997449149518504	0.0	0.0	22.697259790721343
108.01137310051504	4.61604363067005	6.116512729116599	0.7600000198527632	0.23997455634820328	0.0	0.0	22.326583157885697
268.7669343294736	4.624760215952868	6.116535165039235	0.7600000166737211	0.23997454027508833	0.0	0.0	21.448667238014
668.7782124467157	4.645093311249389	6.115906269065412	0.7600000424859363	0.23997467253644575	0.0	0.0	19.517297087558394
1664.1342760114112	4.688427991756028	6.112664253960012	0.7600007008518381	0.2399793323174952	0.0	0.0	15.926828526661009
3042.224286237178	4.7359397721872245	6.11175309393119	0.759997614046273	0.23999937297793136	0.0	0.0	12.783511411357106
4719.288151928278	4.783333312424526	6.113531001603288	0.7599934091193765	0.2400065897486151	0.0	0.0	10.297979828816752
6817.950705827437	4.831449974680951	6.116373027313022	0.7599922474520605	0.2400077520526228	0.0	0.0	8.278272632901919
9483.098836832023	4.880559076976675	6.121296552464474	0.7599871522347035	0.2400128477017152	0.0	0.0	6.640232457099369
12637.191097599652	4.927700345545194	6.128788515558165	0.7599676751413954	0.24003232484981415	0.0	0.0	5.390719415090993
16444.749975001436	4.973535918561428	6.137179592410484	0.7598929396568898	0.24010706033021187	0.0	0.0	4.407284843606154
23097.807354040156	4.983758291975277	6.122471147364085	0.7587622648808148	0.2412377347579352	0.0	0.0	4.134015975623437
39652.74309144979	4.975104725165603	6.117269316686858	0.7556781547363948	0.24432184470016788	0.0	0.0	4.276400472667629
80846.72078556092	4.969581946605172	6.119519428747209	0.7481830886167158	0.25181691061921757	0.0	0.0	4.397936779064284
183350.51936137147	4.963614613210504	6.125404716528004	0.7294090357570222	0.27059096320950526	0.0	0.0	4.5512038978377705
402876.2546967531	4.955444874031836	6.138893863199601	0.6877513073169916	0.3122486912411078	0.0	0.0	4.799658570366321
648798.4382930129	4.946945518200109	6.154555839576867	0.6382480220239396	0.3617519760921726	0.0	0.0	5.082062997142884
893669.1880643932	4.937555601345352	6.170781560528242	0.5854539149267642	0.414546082689868	0.0	0.0	5.406705798506006
1118073.2030608605	4.927633257864293	6.185673406621797	0.5337083109684664	0.4662916860973671	0.0	0.0	5.75735950009998
1327803.2175654173	4.916705212739476	6.199781755115132	0.48204622914445855	0.5179537672852689	0.0	0.0	6.153661641726149
1524095.5730563372	4.904324270630051	6.213815972597503	0.43034123957716086	0.5696587560991982	0.0	0.0	6.620832577292184
1707764.3549761353	4.89053003467493	6.226835045757462	0.37863827165804137	0.621361723109842	0.0	0.0	7.161609133612792
1879517.656636136	4.873743929713418	6.2490908776551315	0.35028230554456125	0.6497176885089637	0.0	0.0	7.937993524027238
2066019.6335642608	4.852887320232572	6.263177042249714	0.29231989458758495	0.707680097992126	0.0	0.0	8.881105753210344
2222792.738832137	4.831330761939637	6.274554747466732	0.23963232414814128	0.7603676666476734	0.0	0.0	9.937313949929715
2366446.1820669184	4.806901355264646	6.285240096364272	0.18781787932037233	0.8121821090319723	0.0	0.0	11.25823989440556
2500174.976606703	4.778509459284555	6.29549435342343	0.13596291701615568	0.8640370676170723	0.0	0.0	12.983190187337213
2624479.8148822044	4.7426387461170725	6.306949701067719	0.08402167068992393	0.9159783072156562	47.89750107319922	0.0	15.518527821778845
2723877.8072475595	4.683621073872031	6.322890176821378	0.06045819162506753	0.9395417795703824	54.61217784563313	0.0	20.742261326708263
2804772.3580165957	4.645488299659715	6.33054277498188	0.02358175508410894	0.976418195171918	54.614153488530114	0.0	24.942957632561154
2834957.5329542276	4.630844123739407	6.333948339438109	0.009247268423265868	0.9907526508568126	54.614218454393914	0.0	26.787925540520227
2846510.454671035	4.626462181708937	6.335850512769995	0.0036963115140302817	0.9963035639930259	54.61421725755389	0.0	27.39391184412733
2851113.57551074	4.626232649009447	6.33713889127456	0.001503918760141286	0.9984958971427856	54.61421723825002	0.0	27.463590097188423
2853023.1304983106	4.627663646300742	6.3380904938613645	0.0006257541303332437	0.9993739849803612	54.61421723825002	0.0	27.3131075732226
2853863.074117995	4.62957964030281	6.338830625350185	0.0002691291372774057	0.9997305179751172	54.614217238250056	0.0	27.096250144609662
2854265.1634291117	4.631431795060076	6.339407266051525	0.00012075975480271912	0.999878785125987	54.614217238250106	0.0	26.883957723051388
2854479.341625949	4.633015598765654	6.3398529312672585	5.652223756343333e-05	0.999942915330111	54.614217238250134	0.0	26.702285125616218
2854606.4592182674	4.634305331392292	6.3401977103851435	2.7445755300398687e-05	0.9999718832497196	54.614217238250085	0.0	26.554697181444915
2854689.351412148	4.635340300068079	6.340466968528276	1.3724440062927002e-05	0.9999854970218984	54.614217238250056	0.0	26.436627089382473
2854747.7553765457	4.636174229957212	6.340680717673476	7.014914944923811e-06	0.9999921010718098	54.614217238250106	0.0	26.3417764501949
2854791.421084761	4.636853983560238	6.340853503657497	3.643269865433163e-06	0.9999953698048166	54.614217238250056	0.0	26.26466982171073
2854825.5691651683	4.637414886377571	6.340995452650167	1.9139154328928774e-06	0.999996999045439	54.614217238250056	0.0	26.201195910792816
2854853.2785976348	4.637884846966518	6.341114147215622	1.017297071489316e-06	0.9999977990260448	54.614217238250056	0.0	26.148124284371622
2854890.0991045223	4.638524001442866	6.341274968917672	3.6746883865949124e-07	0.9999982913972872	54.614217238250085	0.0	26.07610027485171
2854951.6098651197	4.639605137777631	6.3415464077191315	3.6029183595208484e-08	0.9999982707105455	54.614217238250106	0.0	25.954704527709744
2855031.7072740085	4.640999358848894	6.3418972623476195	2.1131033593077848e-10	0.9999976438357325	54.614217238250056	0.0	25.79901198917397
2855104.789012861	4.642241271809138	6.342212431552341	7.691213064236854e-14	0.9999967135787696	54.61421723825004	0.0	25.66119240766255
2855171.919458823	4.643356242575097	6.342498007556498	2.3538094618249143e-18	0.999995440940576	54.61421723825002	0.0	25.538164465559273
2855235.2882609805	4.644387160330068	6.342764246439539	0.0	0.999993714244576	54.61421723824999	0.0	25.42500010709593
2855296.244589257	4.64535770647059	6.343016628923494	0.0	0.9999913813909661	54.61421723824999	0.0	25.318971643843984
2855371.9483636715	4.6429885807604965	6.343819697644012	0.0	0.9999872447712084	54.6142172382502	0.0	25.620396593488028
2855447.9725321843	4.641698032773195	6.347724314998623	0.0	0.9999811283268738	53.573553313888	0.0	25.88923709499437
2855519.5254491325	4.641401177907138	6.350712868211814	0.0	0.9999728327144011	53.23693313933881	0.0	26.01400618448091
2855588.1189774857	4.641678379011163	6.352654144677218	0.0	0.9999615968333913	53.236933139338795	0.0	26.038950450394225
2855654.8764327248	4.642321856289914	6.353968005441837	0.0	0.9999465365213616	53.236933139338795	0.0	26.001203540507976
2855720.6396561954	4.6432093294647006	6.354891299555374	7.899497470382844e-25	0.9999264230283909	53.236933139338774	0.0	25.922695097230985
2855794.443389612	4.64440304141804	6.355622289627892	3.20312782126304e-24	0.9998954973012114	53.236933139338774	0.0	25.802288261975946
2855881.521150515	4.645964967583462	6.3562020288922545	7.220197732478568e-25	0.9998439678416012	53.236933139338774	0.0	25.634463946169586
2855965.024137084	4.647350042261426	6.356528881376417	0.0	0.9997748137110453	53.236933139338795	0.0	25.481061557542592
2856050.4224454565	4.648900730753288	6.356744139420941	3.9699876187946974e-25	0.99968054153906	53.23693313933884	0.0	25.306015462596356
2856162.2653697305	4.650863036229315	6.356865433620266	0.0	0.9995075854492869	53.23693313933884	0.0	25.081863800684157
2856284.07017617	4.652729857380874	6.356854880800267	0.0	0.9992486677493021	53.23693313933884	0.0	24.86685640480836
2856436.368586821	4.65465259496332	6.356744942074263	0.0	0.9988147513851674	53.23693313933886	0.0	24.644524433704177
2856678.762708544	4.656758227646608	6.356521133643767	0.0	0.9978936810304104	53.23693313933886	0.0	24.4004183458305
2857168.497543818	4.658892113880981	6.355996130330573	0.0	0.9955420091248752	53.23693313933886	0.0	24.14721218122975
2858387.1145291263	4.660175387634581	6.354647319479345	0.0	0.9891446900476512	53.23693313933873	0.0	23.967682631265056
2861419.423546008	4.657093972286969	6.354316081184731	0.0	0.9730329363455357	53.23693313933873	0.0	24.300950281209374
2868964.778718896	4.646021103012717	6.355232716094333	0.0	0.933158233198874	53.236933139338745	0.0	25.599254198726353
2879663.6001284267	4.630448592458873	6.35679095900369	0.0	0.8774682544037562	53.23693313933873	0.0	27.551893779648417
2891199.432080957	4.614758146634781	6.358127139499065	0.0	0.8184139253036897	53.23693313933873	0.0	29.662000462991685
2901628.8682011305	4.600534025732898	6.359247115856739	0.0	0.7659627659162502	53.23693313933873	0.0	31.71090724592458
2913255.949203185	4.584201159191813	6.3604164456657015	0.0	0.7085575295478839	53.23693313933868	0.0	34.23411185387173
2925233.5775403115	4.566295727257843	6.361638433255057	0.0	0.6508944349990694	53.249252586259416	0.0	37.22896160386287
2936126.439727476	4.5491937001504335	6.362864115356928	0.0	0.5995798469207537	53.249252586259395	0.0	40.33646345086856
2948933.381369183	4.527654648164386	6.364117636226469	0.0	0.540957914301953	53.249252586259395	0.0	44.606965743116845
2962018.9154284564	4.50348275417654	6.365407491216918	0.0	0.48296854590532623	53.249252586259445	0.0	49.93342985281883
2974428.763488714	4.478171725369343	6.366710127846688	0.0	0.4302479238310095	53.24925258625935	0.0	56.19074291190873
2988373.1405169815	4.446594452062353	6.368355359965005	0.0	0.3738234309358699	53.24925258625938	0.0	65.1091366651482
3003414.3696002066	4.409846339989502	6.3698517748372225	0.0	0.3158287766588642	53.24719934510591	0.0	77.24784422559692
3016699.3565160427	4.372123910707636	6.371100832671567	0.0	0.26777462962864695	53.24719934510608	0.0	92.03558047446569
3028610.9191526207	4.332915652011456	6.37223330677509	0.0	0.22726125753987825	53.24719934510611	0.0	110.39223095220636
3039310.575377688	4.291708981614225	6.373212337564469	0.0	0.19290105427882873	53.247199345105976	0.0	133.6107391037078
3049100.2927818447	4.247826948439816	6.374094710078717	0.0	0.16323809658633645	53.24719934510593	0.0	163.69922337334788
3058192.791467833	4.197756380118523	6.374802377271169	0.0	0.13725538665239517	53.24719934510591	0.0	206.32012358132692
3066192.0519217867	4.142310077780164	6.375602206790733	0.0	0.1156193325845996	53.247199345106	0.0	266.58401754873614
3072652.4627393577	4.087256300252675	6.3764652787385305	0.0	0.09895199718856741	53.24719934510605	43.687914259341625	343.8533024194805
3078002.802650462	4.030259302478197	6.3766159434372875	0.0	0.08568621425493901	53.24719934510602	43.68791426128092	447.138975723576
3081993.6899477504	3.971113426489141	6.376595654773009	0.0	0.07610006376539262	53.24719934510605	43.68791426265788	587.1162966084291
3084866.34376427	3.913381030017187	6.376476513460049	0.0	0.06935936952493882	53.24719934510616	43.68791426361299	765.8246790234931
3087230.736873609	3.8600452422014313	6.376192980685813	0.0	0.06391101790222717	53.24719934510606	43.68791426437632	978.7215857389664
3089823.820554398	3.800082308357601	6.375537030249418	0.0	0.058039617605068206	53.247199345106175	43.687914264577664	1289.0122934122753
3091573.348635065	3.750042405316916	6.374494225821206	0.0	0.0541355291724953	53.24719934510611	43.68791426457759	1621.1211174669463
3092877.8365417826	3.7116148796700967	6.372766947945115	0.0	0.051254746025895706	53.24719934510616	43.68791426457765	1931.1093895132904
3094107.7021283587	3.6848708051183072	6.369610591249878	0.0	0.04856466894476795	53.24719934510611	43.6879142645776	2176.290399702074
3095965.90439061	3.6582626986121576	6.353558244133524	0.0	0.04456300792066773	53.24617272452936	43.68791426457757	2414.9430065011784
3097354.9570047054	3.6455977351861537	6.304828767159388	0.0	0.04165739538829117	53.24617272452927	43.687914264577465	2420.3160126298535
3098436.9946529036	3.6390377044026208	6.3741255842159	0.0	0.03939962775040519	53.24617272452899	43.687914264577145	2701.7212841437245
3100892.9633340794	3.6388371124847505	6.3768109888416005	0.0	0.03422359675639309	53.246172724529025	43.687914264577195	2712.591710942879
3104746.09542253	3.63862349121532	6.379534520880118	0.0	0.026188461929527684	53.24617272452895	43.68791426457711	2723.7888571348967
3108094.316394297	3.6384772032083377	6.381344564155666	0.0	0.019248247708740857	53.24617272452899	43.68791426457714	2731.310262573071
3110775.289602631	3.6383745189115815	6.38257926835552	0.0	0.013675374274894774	53.24617272452896	43.68791426457712	2736.489318150313
3112755.2899128436	3.638298991385013	6.383467216810745	0.0	0.009527111249425327	53.2461727245289	43.68791426457705	2740.2411669849635
3114137.7532496364	3.6382450370755306	6.384109552175852	1.2922264771088798e-32	0.0066106890792293335	53.2461727245289	43.68791426457705	2742.9498211543932
3115125.943714125	3.638205074102012	6.3845887565991655	0.0	0.004522975892340758	53.24617272452895	43.68791426457712	2744.968663762937
3116813.708625573	3.638128438645008	6.385552547482116	0.0	0.0010865513713542178	53.24617272452896	43.68791426457714	2748.9861850554066
3117756.7998109027	3.638063124750021	6.38657807434791	0.0	7.052289994923165e-06	53.24617272452901	43.687914264577195	2753.0617246178213
3118242.3847628376	3.6380132581324953	6.387312089574792	0.0	1.4735721971732286e-10	53.24617272452921	43.687914264577365	2756.022059482136
3119178.9207839253	3.637942031985872	6.388186002143212	0.0	2.5647318367465094e-16	53.24617272452918	43.68791426457781	2759.701425853816
3120040.633605971	3.63789445660904	6.388438824404582	0.0	9.263729104696935e-16	53.24617272452912	43.68791428210323	2761.109688378498
3121116.5556546287	3.637851649196659	6.388281940729606	0.0	5.897870675677102e-15	53.24617272452896	43.68791428211224	2761.1552923846207
3121608.644504145	3.6378363078980263	6.388067594050381	0.0	2.078055687306916e-14	53.245659414240485	43.68791428212834	2760.66902274791
3121857.154394992	3.637829360965728	6.38796826631936	0.0	8.934141508449042e-14	53.245659414240485	43.6879142755412	2760.4416538288187
3121938.4589591557	3.637844435175208	6.387783586280243	0.0	1.4246887353037237e-12	53.45047021929697	43.68791427560294	2759.663208501124
3121945.119429052	3.637943052453048	6.385035357813523	0.0	1.6381812060667205e-11	53.67053235650861	43.68791427575659	2749.696335372281
3121945.4862893503	3.637818626972468	6.376673600807346	0.0	6.545367681355707e-12	53.45457670160416	43.68791427612355	2724.91341712165
3121945.510869364	3.637059548341944	6.361986156941954	0.0	5.214999499040622e-10	54.248643530236414	43.687914277379775	2688.605871015804
3121945.5129910097	3.6370501651389584	6.361117072122591	0.0	6.3951089426661575e-09	52.86302951906258	43.68791428571298	2686.033140009741
3121945.5131978225	3.637037047149976	6.360727414804089	0.0	1.0332880160651669e-08	53.1358110125314	43.68791428572718	2684.990627009345
