star_age	log_Teff	log_L	center_h1	center_he4	he_core_mass	co_core_mass	radius
1e-05	4.894344148402872	7.165653237233265	0.7600000048828296	0.23997446554195265	0.0	0.0	20.73917530665002
2.2e-05	4.894603625823194	7.166730490239242	0.7600000105653332	0.2399744732625002	0.0	0.0	20.74011472290052
3.64e-05	4.894615385044124	7.166779598464516	0.7600000170784792	0.23997448250461653	0.0	0.0	20.740164182327753
5.368000000000001e-05	4.894616950292146	7.166786655433013	0.7600000245400553	0.23997449360495413	0.0	0.0	20.74018318865831
7.441600000000001e-05	4.894617449404095	7.166789212760906	0.7600000331157885	0.23997450703053225	0.0	0.0	20.740196581367925
9.92992e-05	4.894617335825381	7.16678928149353	0.7600000429486161	0.23997452328180147	0.0	0.0	20.740209070717007
0.00012915904	4.894616831639832	7.166787795379723	0.7600000541603056	0.23997454289769635	0.0	0.0	20.740221741091126
0.00016499084799999998	4.894616095509936	7.1667854864444225	0.7600000668990605	0.23997456654592492	0.0	0.0	20.740236917617977
0.00020798901759999997	4.894615254119964	7.166782935603492	0.7600000812843051	0.23997459491907225	0.0	0.0	20.740256371551677
0.00025958682112	4.894614389315611	7.1667805572349605	0.7600000974470237	0.23997462881104736	0.0	0.0	20.740282180188284
0.00032150418534399993	4.894613565981163	7.16677863261276	0.7600001155436029	0.2399746691431356	0.0	0.0	20.740314862585915
0.00039580502241279986	4.894612798932193	7.166777318030112	0.7600001357504604	0.23997471694827385	0.0	0.0	20.740356735702985
0.00048496602689535983	4.894612075933995	7.166776648893571	0.7600001582781308	0.2399747733969942	0.0	0.0	20.740409813617266
0.0005919592322744318	4.89461135523648	7.166776532200398	0.7600001832533924	0.23997483946684353	0.0	0.0	20.740475863356256
0.0007203510787293181	4.894610566681711	7.166776778990537	0.7600002109726717	0.23997491656034536	0.0	0.0	20.74055707402161
0.0008744212944751818	4.8946096299251405	7.166777186467753	0.7600002412344965	0.23997500469218672	0.0	0.0	20.740656277357793
0.001059305553370218	4.894608480588759	7.166777626746765	0.7600002744877464	0.2399751055065274	0.0	0.0	20.74077656894144
0.0012811666640442617	4.8946070684001475	7.166778080285456	0.76000031102032	0.2399752201906105	0.0	0.0	20.74092228428937
0.0015473999968531138	4.8946053561355525	7.166778604274142	0.7600003509797558	0.23997534941429932	0.0	0.0	20.74109834506335
0.0018668799962237369	4.894603311182788	7.166779259706578	0.7600003945756225	0.23997549394566245	0.0	0.0	20.741309323551295
0.002250255995468484	4.89460087944863	7.1667800423627925	0.7600004418335703	0.23997565392476689	0.0	0.0	20.741560286945973
0.002710307194562181	4.894597989741269	7.166780861119303	0.7600004931444271	0.23997583064287945	0.0	0.0	20.741855860899996
0.003262368633474617	4.8945945609955075	7.166781554761903	0.7600005486694614	0.23997602472224472	0.0	0.0	20.742199940928245
0.00392484236016954	4.894590506103113	7.166781930830675	0.7600006088969498	0.23997623801333476	0.0	0.0	20.742596254203725
0.004719810832203447	4.8945857039989855	7.1667818059843285	0.7600006751904469	0.2399764756746828	0.0	0.0	20.743051990064966
0.005673772998644137	4.8945800835918725	7.166781071206259	0.7600007430681538	0.23997672225852473	0.0	0.0	20.743571340084376
0.006818527598372964	4.894573551071801	7.166779704795323	0.7600008153085516	0.2399769879541392	0.0	0.0	20.744162752462294
0.008192233118047556	4.8945658470629825	7.1667777501276175	0.760000891020926	0.23997727019639584	0.0	0.0	20.7448520484101
0.009840679741657069	4.894556656474491	7.166775319821183	0.7600009688295455	0.23997756457300956	0.0	0.0	20.745672030417712
0.01181881568998848	4.894545968335117	7.166772621078337	0.7600010462185707	0.23997786218420825	0.0	0.0	20.746628711306045
0.014192578827986175	4.894533705556144	7.166769823487489	0.7600011216242432	0.2399781572831282	0.0	0.0	20.74773352647319
0.01704109459358341	4.894519736198514	7.166767050821293	0.7600011959935737	0.2399784535696334	0.0	0.0	20.749002063407715
0.02045931351230009	4.894503912053254	7.166764405639206	0.7600012628487512	0.23997872579450727	0.0	0.0	20.75045096500899
0.024561176214760103	4.894485647361757	7.16676191931096	0.7600013519206983	0.23997909181614516	0.0	0.0	20.752136997715887
0.02948341145771213	4.8944649958716955	7.166759788357239	0.760001416399644	0.23997936712243972	0.0	0.0	20.754059777991166
0.03539009374925455	4.894441446832317	7.166758110568737	0.7600015163738698	0.23997979461083271	0.0	0.0	20.75627052911366
0.04247811249910547	4.894414864244629	7.166757042187719	0.7600015960773382	0.23998015000296952	0.0	0.0	20.75878607836012
0.050983734998926555	4.894384854685733	7.166756628665717	0.7600016964326299	0.23998060472284424	0.0	0.0	20.761645238390397
0.061190481998711875	4.894350756009835	7.166756806420492	0.7600018001239184	0.23998109112693583	0.0	0.0	20.764909949291734
0.07343857839845425	4.894312171782427	7.166757540371164	0.7600019134208481	0.23998164167617797	0.0	0.0	20.76861747959746
0.08813629407814508	4.894268613599166	7.166758816034936	0.7600020266325506	0.23998221898735023	0.0	0.0	20.77281444179521
0.10577355289377408	4.894220121870428	7.1667608209048055	0.7600021266214751	0.23998276427777784	0.0	0.0	20.777501750711632
0.1269382634725289	4.894166739447175	7.16676388541245	0.7600022320173402	0.23998337280798984	0.0	0.0	20.78268354292939
0.15233591616703465	4.8941084707030065	7.166768495715766	0.7600023379453376	0.23998402370850525	0.0	0.0	20.78837140461357
0.1828130994004416	4.894045568910426	7.166775339124222	0.7600024420862052	0.2399847158279348	0.0	0.0	20.79455795114361
0.21938571928052988	4.8939786785802735	7.166785310733902	0.7600025485949582	0.2399854839578688	0.0	0.0	20.80120332306104
0.26327286313663584	4.893908412618901	7.166799425862539	0.7600026484988177	0.23998629238795943	0.0	0.0	20.808273550228797
0.315937435763963	4.893835709317882	7.166818885952254	0.7600027385591275	0.23998713420503784	0.0	0.0	20.81570791229768
0.3791349229167556	4.893761517721154	7.166845028628904	0.7600028158907796	0.239988004013416	0.0	0.0	20.823447856737623
0.45497190750010674	4.893687178118268	7.1668794118485755	0.7600028771833027	0.2399888909969208	0.0	0.0	20.8314025098685
0.5459762890001281	4.893613686968583	7.166923714976278	0.7600029198103271	0.239989785881689	0.0	0.0	20.839516777684025
0.6551815468001536	4.893542430226777	7.166979927926913	0.7600029415101629	0.2399906740293933	0.0	0.0	20.847705544022688
0.7862278561601843	4.89347433666261	7.167050294810457	0.760002941409177	0.23999154521218893	0.0	0.0	20.8559335743296
0.9434834273922212	4.893410726097784	7.167137584111247	0.7600029196294393	0.23999238725285696	0.0	0.0	20.864140601154432
1.1321901128706655	4.8933524611674315	7.167245076459508	0.7600028775627581	0.23999319049026313	0.0	0.0	20.872322514179352
1.3586381354447985	4.893300952973002	7.16737686670504	0.7600028177816567	0.23999394444864355	0.0	0.0	20.880442030750253
1.630375762533758	4.893256639017898	7.167537728393097	0.7600027438098285	0.23999464260923692	0.0	0.0	20.88857178791608
1.9564609150405097	4.893220726646378	7.1677334961168455	0.7600026608030137	0.23999527186115843	0.0	0.0	20.89673597891119
2.3477630980486115	4.8931940630257555	7.16797089436646	0.7600025732780968	0.23999583288327864	0.0	0.0	20.905014927307537
2.8173257176583335	4.893177577232333	7.168257483324069	0.7600024867617373	0.23999631882170536	0.0	0.0	20.913501317920197
3.38080086119	4.8931721244642965	7.1686012623193855	0.7600024059343591	0.2399967285294792	0.0	0.0	20.922305686797024
4.056971033428	4.893178488057942	7.169010024838061	0.7600023348347367	0.2399970617272087	0.0	0.0	20.931540733869245
4.8683752401136005	4.893196977541896	7.16949044123897	0.7600022758217683	0.23999732266347812	0.0	0.0	20.9413379949534
5.84206028813632	4.893227469246568	7.170047167861309	0.760002230253809	0.23999751589062185	0.0	0.0	20.951822506392485
7.010482345763583	4.893270439754773	7.170682276747397	0.7600021975114045	0.2399976507291696	0.0	0.0	20.96299929504456
8.4125888149163	4.893324851839529	7.17139459398964	0.7600021747861797	0.23999774252214184	0.0	0.0	20.974941304086354
10.095116577899558	4.893389865405458	7.172180095289844	0.760002161006615	0.23999779721874503	0.0	0.0	20.98763379211817
12.114149893479468	4.893464813483603	7.173032444678683	0.7600021533724234	0.23999782677001255	0.0	0.0	21.00098942468156
14.53698987217536	4.893550864637955	7.173944007294304	0.7600021493534999	0.23999784152946343	0.0	0.0	21.01471164785026
17.444397846610435	4.893647360094569	7.174906106094639	0.7600021469840336	0.23999784939053048	0.0	0.0	21.02865489213722
20.93328741593252	4.893755572417609	7.17591017842558	0.7600021456163412	0.23999785296007595	0.0	0.0	21.042488826653692
25.119954899119023	4.893878678323193	7.176948096814174	0.7600021446064787	0.23999785472218857	0.0	0.0	21.05570816648568
30.143955878942823	4.8940207769336865	7.17801212943186	0.7600021435769011	0.23999785606611865	0.0	0.0	21.067726498870563
36.172757054731385	4.894185872753465	7.17909477229965	0.7600021424807174	0.2399978571241055	0.0	0.0	21.077970944320533
43.40731846567767	4.8943812232320205	7.1801891429614635	0.7600021411204113	0.23999785856808464	0.0	0.0	21.08556709745051
52.088792158813206	4.894614607101494	7.1812890372826645	0.7600021394628982	0.23999786032777845	0.0	0.0	21.089605954306933
62.506560590575845	4.894895644566483	7.182387210824598	0.7600021374898335	0.23999786232486248	0.0	0.0	21.08897525078391
75.00788270869101	4.895236410113732	7.1834787107416656	0.7600021350994466	0.23999786472160264	0.0	0.0	21.082382863473168
90.0094692504292	4.895651909764956	7.184558405636443	0.7600021321982107	0.23999786762686848	0.0	0.0	21.068253930058017
108.01137310051504	4.896159769040661	7.1856214276322286	0.7600021286496312	0.23999787117963417	0.0	0.0	21.04477741053728
129.61365772061805	4.896781771948836	7.186663485318661	0.7600021243253866	0.2399978755087168	0.0	0.0	21.009772977150323
155.53639926474168	4.897543015313064	7.187680378837283	0.7600021190103099	0.2399978808294322	0.0	0.0	20.96077420465038
186.64368911769	4.89847448646738	7.188669145563787	0.7600021124522426	0.2399978873940053	0.0	0.0	20.894826085141524
223.972436941228	4.899612086890409	7.189626550385757	0.7600021043137128	0.23999789554001344	0.0	0.0	20.80857126914225
268.7669343294736	4.900998072418743	7.190550123771231	0.7600020941537065	0.23999790570851787	0.0	0.0	20.698176114821745
322.5203311953683	4.902682095524797	7.1914373498456134	0.7600020813856926	0.2399979184860881	0.0	0.0	20.55926785443939
387.024407434442	4.904721821711084	7.192286538036582	0.7600020652084905	0.23999793467383	0.0	0.0	20.386974817166152
464.4292989213303	4.907184351577783	7.193094841915293	0.76000204448206	0.2399979554119493	0.0	0.0	20.1758517767234
557.3151687055964	4.9101460406503366	7.193860093921156	0.7600020176161448	0.23999798229033847	0.0	0.0	19.92008221475215
668.7782124467157	4.913693641546662	7.1945809453674565	0.7600019823114462	0.2399980176081472	0.0	0.0	19.613556482304112
802.5338649360589	4.917924730914552	7.19525503536085	0.7600019352580506	0.23999806467494272	0.0	0.0	19.250021403167747
963.0406479232705	4.922947556731919	7.195882575562581	0.7600018712809962	0.2399981286653192	0.0	0.0	18.823454786064524
1155.6487875079245	4.928880650420462	7.196463727613597	0.7600017826064078	0.23999821735252372	0.0	0.0	18.328364949811753
1386.778555009509	4.935840804618846	7.19699925338117	0.7600016569066124	0.23999834306360873	0.0	0.0	17.761153935860403
1664.1342760114112	4.943968429456123	7.197496850115888	0.7600014745845589	0.23999852539499908	0.0	0.0	17.118461365216277
1996.9611412136933	4.9533917995307055	7.197959631060887	0.7600012004024405	0.23999879958411663	0.0	0.0	16.40020880040774
2396.3533794564323	4.964238036380449	7.198402352408193	0.7600007756883421	0.2399992243029196	0.0	0.0	15.60911442565494
2744.4996583273746	4.973172668976471	7.199068871263508	0.7600003171777144	0.23999968281589049	0.0	0.0	14.991402291942396
3076.8094046625483	4.981341323528806	7.199774325060259	0.7599997845255806	0.2400002154694973	0.0	0.0	14.449661598977348
3475.581100264758	4.990802049859286	7.200475834291553	0.7599989835612294	0.24000101643500335	0.0	0.0	13.844809306094938
3954.1071349874087	5.001668628634345	7.2012269600003895	0.7599977398140884	0.24000226018289827	0.0	0.0	13.180424070683532
4368.259174372957	5.0105409120818285	7.202173788913513	0.759996390115947	0.2400036098809146	0.0	0.0	12.666546773084308
4762.3141799841915	5.018601449579956	7.203152878248987	0.7599946863764041	0.2400053136183967	0.0	0.0	12.218747798546726
5235.180186717673	5.027813095344205	7.204185769808384	0.7599904147811143	0.2400095852008232	0.0	0.0	11.725189085903326
5802.61939479785	5.037018680872194	7.205400290648148	0.759964356783948	0.24003564312818948	0.0	0.0	11.254234093434158
6313.570623817941	5.0417133642562355	7.206559096456725	0.7598902982224787	0.2401097015531096	0.0	0.0	11.028234205005043
6926.712098642049	5.042403158861183	7.20721120795739	0.7597213703017052	0.24027862928631372	0.0	0.0	11.001513781197408
7662.481868430979	5.040365979275753	7.2071679704709535	0.7594713253658456	0.24052867405943723	0.0	0.0	11.104657995149534
8545.405592177694	5.037480306239153	7.206805259092163	0.7591666875202842	0.24083331178339368	0.0	0.0	11.248514641027413
9604.914060673753	5.034726009648181	7.206456624082856	0.7588149551212509	0.24118504408826252	0.0	0.0	11.387527889105153
10876.324222869023	5.03239217188383	7.206240002179106	0.7584070543196557	0.24159294480965343	0.0	0.0	11.5077075957927
12402.016417503348	5.030489350595959	7.206143921630237	0.757932323234371	0.24206767582270783	0.0	0.0	11.607706554071074
14232.847051064538	5.028917889013883	7.206114801899568	0.7573732556663437	0.24262674332199613	0.0	0.0	11.691622484066375
16429.843811337963	5.027567755579797	7.206112495640921	0.7567102275466813	0.24328977137383911	0.0	0.0	11.764511471001832
19066.23992366608	5.026351872707644	7.206120935285481	0.755920125227546	0.24407987362448016	0.0	0.0	11.830684781061755
22229.915258459812	5.0252120697378615	7.206140825507751	0.7549760695120972	0.2450239292697496	0.0	0.0	11.893219497053362
26026.325660212293	5.0241109615577315	7.206178201654153	0.7538462058923614	0.24615379281681127	0.0	0.0	11.954195074150231
30582.018142315268	5.0230234092945025	7.206241148915344	0.7524924262458248	0.2475075723875544	0.0	0.0	12.01508691425042
36048.84912083885	5.0219320821655495	7.206337803662111	0.7508693935173293	0.2491306050360887	0.0	0.0	12.076967521704717
42609.04629506713	5.020818558693312	7.206478207049778	0.7489216566515279	0.25107834181766453	0.0	0.0	12.141019230494642
50481.28290414107	5.019670636737162	7.206669149979778	0.7465833280300165	0.2534166703490243	0.0	0.0	12.208054583175828
59927.96683502981	5.018465562097508	7.206928937637049	0.7437724664573381	0.2562275318257319	0.0	0.0	12.279664617001748
71263.98755209628	5.0171861795850194	7.2072658032244865	0.7403910125424107	0.2596089856368804	0.0	0.0	12.35701868315407
84867.21241257606	5.015817675190745	7.207684439316163	0.7363188443724098	0.2636811536941245	0.0	0.0	12.44113578661134
101191.0822451518	5.014324187135928	7.208213318425938	0.7314114734450894	0.2685885244979612	0.0	0.0	12.534627890859888
120779.72604424263	5.012675772679421	7.208869104547025	0.725491112093759	0.27450888571285276	0.0	0.0	12.639682583527463
144286.0986031517	5.010821456622178	7.209681133108186	0.7183373432563437	0.2816626543978826	0.0	0.0	12.760004107141876
172493.74567384255	5.0087153573330845	7.21066889444495	0.7096899821386939	0.29031001534357315	0.0	0.0	12.899025265676828
206342.92215867157	5.006257453968569	7.21189595790428	0.6992187122682586	0.3007812850172926	0.0	0.0	13.064302622618683
246961.9339404664	5.003311880610971	7.213435325968231	0.6865000304808444	0.31349996657624585	0.0	0.0	13.26621595238722
283088.809966768	5.00071218498587	7.214785809795696	0.6750478522796542	0.3249521445760439	0.0	0.0	13.44688515659366
316952.03482345096	4.998264456391685	7.216047541710982	0.664164130800793	0.3358358658664322	0.0	0.0	13.619087775628072
349523.5977323894	4.9959078252500415	7.217222548180243	0.6535929761772549	0.3464070203077569	0.0	0.0	13.786333636979183
381280.37042762234	4.993556277251336	7.218377883074643	0.6431746007325851	0.3568253955729109	0.0	0.0	13.95499058755253
412476.90872297675	4.991208401206748	7.219512565400405	0.6328253565549755	0.367174639571634	0.0	0.0	14.125136102589064
443228.088191815	4.988820938486441	7.220664095168827	0.6225241396953791	0.37747585625154706	0.0	0.0	14.300240171674051
473600.10771252634	4.9864460752053015	7.221757995155363	0.61224076678619	0.3877592289796444	0.0	0.0	14.475714465518292
503630.7546181315	4.9840813161619035	7.222789929936998	0.6019534355274274	0.39804656005493994	0.0	0.0	14.651614841721589
533325.6892680383	4.981655064744574	7.223831114527136	0.5917085198141733	0.4082914755827732	0.0	0.0	14.834010723900755
562715.730034626	4.97919277870916	7.2248630828941005	0.5814425561075682	0.41855743910043447	0.0	0.0	15.021010333761668
591812.4288906502	4.97670868556157	7.225862487371405	0.5711764458538706	0.4288235491618121	0.0	0.0	15.211324579865623
620601.7510128898	4.974176889044526	7.226845710671405	0.5609233053499905	0.43907668946984385	0.0	0.0	15.407147422471017
649100.0418578485	4.971565297464435	7.227860286449438	0.5506657069847973	0.4493342876349884	0.0	0.0	15.61179030083074
677312.8511849454	4.968948037113011	7.22882569425479	0.540420998392774	0.4595789960227249	0.0	0.0	15.81866882067152
705248.1384248894	4.966281223295243	7.229777163800952	0.5301755021119392	0.46982449209461974	0.0	0.0	16.03168962084524
732915.5352098462	4.96357159216578	7.230713398274086	0.5199245887399889	0.4800754052523373	0.0	0.0	16.250498041291614
760311.754273567	4.960819847067993	7.231626963694981	0.5096725704914226	0.49032742328136136	0.0	0.0	16.47505786287107
787436.5874690646	4.958017605084454	7.232533878468	0.4994211686484335	0.5005788248990355	0.0	0.0	16.706477492132883
814293.1125906773	4.955159197156614	7.233436381492355	0.4891666686484382	0.5108333246675457	0.0	0.0	16.945444183655038
840882.2782520918	4.952231861468951	7.234320574772767	0.47891362661789183	0.5210863664601348	0.0	0.0	17.192923283324458
867206.115275792	4.9492000265892075	7.235272350447534	0.4686526283728544	0.5313473644599227	0.0	0.0	17.453771375673377
893263.3003684477	4.945854532254276	7.236544371846678	0.4583940810732338	0.5416059115076436	0.0	0.0	17.75073262116915
919054.0559542974	4.94154969055978	7.238113087709563	0.4481164713448512	0.5518835209738914	0.0	0.0	18.13887398215299
944571.3984007578	4.936175307565427	7.239764339594899	0.4378570037096768	0.5621429883382933	0.0	0.0	18.628792940248033
969820.0608321549	4.9315082247431965	7.241070305570976	0.42763792696903974	0.572362064799841	0.0	0.0	19.062149187002177
994838.1151814269	4.927567310602354	7.2420679588086525	0.41741221367451536	0.5825877778056693	0.0	0.0	19.433566869934733
1019639.3573615544	4.923833762016711	7.2429526588672255	0.4071754832111173	0.5928245079704073	0.0	0.0	19.79073694464432
1044212.1631061782	4.920119726126183	7.243763607622616	0.39693276593402727	0.6030672249382358	0.0	0.0	20.150949397122325
1068551.8684421498	4.916339279502761	7.244551107865563	0.38668566929096126	0.6133143212607773	0.0	0.0	20.523439988247056
1092656.2604212195	4.912477902726095	7.24534111746175	0.3764341644116294	0.6235658258075938	0.0	0.0	20.910668355614263
1116523.5918131373	4.908598777506938	7.246086890144114	0.36617924819757103	0.6338207416763971	0.0	0.0	21.30585911501566
1140152.683122891	4.904600150944445	7.246827982405584	0.355935413308712	0.6440645762067949	0.0	0.0	21.72035155131749
1163551.1591251623	4.90051951291175	7.247554354458651	0.34568389301252433	0.6543160961296733	0.0	0.0	22.150896725155366
1186721.890072196	4.896343632124153	7.2482742542594	0.3354303895418051	0.6645695992113199	0.0	0.0	22.59971819280197
1209661.5284068086	4.892025276219349	7.249009979775443	0.3251751885531096	0.6748247997939196	0.0	0.0	23.073187659946477
1232371.717822483	4.887619864148644	7.249746210326736	0.3149084613335249	0.6850915265886021	0.0	0.0	23.566036051381335
1254847.6738073695	4.883104722333936	7.2504372817255955	0.30464905581423984	0.6953509316634849	0.0	0.0	24.080325719731047
1277091.2841214107	4.8784575931190135	7.251128495835448	0.2943784313671587	0.7056215556441535	0.0	0.0	24.620803529243236
1299102.99272371	4.873713254623562	7.251898824967011	0.28412876519528635	0.7158712213271368	0.0	0.0	25.186978073857524
1320890.874338461	4.868858582956286	7.252601446256598	0.2738617692173277	0.7261382167898411	0.0	0.0	25.777257984628115
1342457.7100033558	4.863816035009049	7.25326134693734	0.26359398301049264	0.7364060024534639	0.0	0.0	26.402908114572035
1363796.1927513415	4.858597745554739	7.253942724777139	0.2533279987032477	0.7466719861869368	0.0	0.0	27.06630878507218
1384911.6223038458	4.853339328104703	7.254611940473902	0.24306090898307411	0.7569390752995885	0.0	0.0	27.751117412414615
1405805.9716147787	4.84792697191247	7.2552778917961565	0.23281029106784468	0.767189692571106	0.0	0.0	28.473323536134565
1426489.388292569	4.842293241614199	7.255969529536182	0.22255094373817616	0.7774490392151445	0.0	0.0	29.244987657071896
1446965.9244100875	4.836541511465106	7.2567261347456755	0.21228862072133103	0.7877113614997654	0.0	0.0	30.056140022496415
1467231.3906351896	4.830372621297406	7.257483742643659	0.20202475306721615	0.7979752283698621	0.0	0.0	30.94922580340368
1487287.3021901934	4.8244321553820795	7.258108286562946	0.19177132418774967	0.8082286564081398	0.0	0.0	31.83046575198344
1507140.2922853793	4.818303717802308	7.258709091151679	0.18150948576401685	0.8184904939241066	0.0	0.0	32.76425300104997
1526792.280058288	4.8119706750831925	7.259294162410256	0.1712271954499008	0.8287727832530718	0.0	0.0	33.75661510559913
1546231.6687073598	4.804592628237547	7.260840168569192	0.1609360624400125	0.8390639151875168	0.0	0.0	34.98549223455689
1565450.427152397	4.798000359748952	7.2614458568178115	0.15064796793079213	0.8493520085206747	0.0	0.0	36.08904333847069
1584450.9316105335	4.791124373482297	7.2620075182108526	0.14038564840535916	0.8596143267551927	0.0	0.0	37.274186426847166
1603248.863747569	4.783831691735161	7.262606784117998	0.130106032156506	0.8698939415705008	0.0	0.0	38.57386617597675
1621846.9495788035	4.776305782158763	7.263186676856787	0.1198302244073586	0.8801697477178992	0.0	0.0	39.96087001509066
1640241.1326077073	4.755382347622282	7.268680244183536	0.10944832812454576	0.8905516421462704	0.0	0.0	44.282138682001666
1642145.6791382632	4.530983352772698	7.289100316974468	0.2503462931256888	0.7496536854079288	0.0	0.0	127.41971043677172
1642907.4977504858	4.288037054224432	7.302664104252568	0.24989534128153212	0.7501046372479772	0.0	0.0	396.19692866057545
1643059.86147293	4.185853427592866	7.305103723036954	0.2498118472672146	0.7501881312611912	0.0	0.0	636.0601205406568
1643181.7524508855	4.079495142371992	7.306293281562958	0.2497402099096262	0.7502597686175565	0.0	0.0	1039.4641531726843
1643230.508842068	4.021533860259241	7.306676981153331	0.24971366187350755	0.7502863166532027	0.0	0.0	1358.075551319316
1643269.5139550138	3.9677142192606496	7.306851367538931	0.24969082846973267	0.7503091500565382	0.0	0.0	1740.4053358545873
1643300.7180453704	3.9187911293648474	7.30686078022545	0.24967350404840397	0.7503264744775259	0.0	0.0	2180.224884457007
1643325.6813176556	3.879404391173596	7.306774195717818	0.2496583490416938	0.7503416294839192	0.0	0.0	2613.553991968028
1643345.6519354838	3.857380392770127	7.306650590150106	0.2496470847434636	0.7503528937819126	0.0	0.0	2892.1290676064677
1643353.6401826153	3.8512260422502727	7.30666442498048	0.2496422382968082	0.7503577402284635	0.0	0.0	2975.3173094603594
1643361.6284297465	3.8452271430500384	7.306578625909648	0.24963739819695505	0.7503625803282113	0.0	0.0	3058.3570617935734
1643371.2143263042	3.837981198020684	7.306450788308469	0.2496324095221032	0.7503675690029574	0.0	0.0	3161.6672379458946
1643382.7174021732	3.8294535717757623	7.306290277309334	0.2496254189884116	0.750374559536493	0.0	0.0	3287.6922353699247
1643389.6192476945	3.824528154671532	7.3063069258171724	0.24962124571483296	0.7503787328099776	0.0	0.0	3363.181569835551
1643396.521093216	3.8199099910168943	7.306228835194769	0.2496170550517137	0.750382923473002	0.0	0.0	3435.164954333422
1643404.8033078418	3.814471514796795	7.306096135318904	0.24961372261268688	0.7503862559119595	0.0	0.0	3521.747369856088
1643409.7726366173	3.81119911323494	7.306125037902626	0.249610706112915	0.7503892724116622	0.0	0.0	3575.340869697527
1643414.7419653928	3.8081561474630865	7.306077049748232	0.2496076857244786	0.7503922928000288	0.0	0.0	3625.5958478248303
1643420.7051599233	3.804673492921318	7.305988343456006	0.2496040668877782	0.7503959116366451	0.0	0.0	3683.8365010421544
1643427.86099336	3.8006452706321774	7.305864992488843	0.2495997461204887	0.7504002324038332	0.0	0.0	3752.2789399727094
1643436.447993484	3.796009033527042	7.305752816623434	0.24959453283099636	0.7504054456932026	0.0	0.0	3832.758911800131
1643441.6001935585	3.7932443373190345	7.305801943130944	0.24959140395354504	0.7504085745705796	0.0	0.0	3882.088732519013
1643446.752393633	3.790707879946164	7.305777141495506	0.2495882742568253	0.7504117042672249	0.0	0.0	3927.588427461068
1643452.935033722	3.7878340656458422	7.3057012892976285	0.24958451747861107	0.7504154610453493	0.0	0.0	3979.5656561034334
1643460.3542018293	3.7845086985079144	7.30558176420384	0.24958000774565495	0.750419970778197	0.0	0.0	4040.4212444277778
1643469.2572035578	3.780585511635048	7.305464184582403	0.2495745938420721	0.7504253846816482	0.0	0.0	4113.525841139819
1643479.940805632	3.776118352067421	7.305425264211262	0.24956989119547948	0.7504300873281305	0.0	0.0	4198.837708683458
1643488.9305615297	3.77254087699881	7.305443027180601	0.2495644156058889	0.7504355629175865	0.0	0.0	4268.673327652502
1643499.718268607	3.768604999886743	7.305352595247539	0.24955785937289288	0.75044211915042	0.0	0.0	4346.297586683072
1643512.6635170996	3.7643277123123142	7.305500225239768	0.2495500177739247	0.7504499607491932	0.0	0.0	4433.511597485923
1643528.1978152904	3.759862652068644	7.305495734783466	0.24954056937061048	0.7504594091522707	0.0	0.0	4525.595398134855
1643546.83897312	3.7552118780418167	7.305790215003016	0.24952922271377517	0.7504707558088208	0.0	0.0	4625.136051009992
1643569.208362515	3.750695949446367	7.3061969422614546	0.24951750438086215	0.7504824741414418	0.0	0.0	4724.542206588155
1643596.0516297894	3.7466427477332673	7.306820465019819	0.24950113735093307	0.7504988411709581	0.0	0.0	4817.0138821342025
1643628.2635505183	3.7432564832226207	7.3074005171795795	0.24948154748877296	0.7505184310326227	0.0	0.0	4895.989221139134
1643666.9178553936	3.740990836159417	7.307675592802597	0.24945999839152128	0.7505399801293259	0.0	0.0	4948.906912635615
1643713.3030212435	3.738698369907549	7.307349435356211	0.24943165386802008	0.750568324652083	0.0	0.0	4999.552563167204
1643768.9652202637	3.736328452815896	7.306104595098541	0.24939989346257097	0.7506000850566651	0.0	0.0	5047.177202920862
1643802.3625396756	3.733989050805576	7.304738248055859	0.24938173476913103	0.7506182437495933	0.0	0.0	5093.826908588291
1643835.7598590876	3.730686159753647	7.302810436874607	0.24936137458043853	0.7506386039376935	0.0	0.0	5160.4320017968175
1643855.7982507346	3.7285263539511466	7.302315720418475	0.24935147701331423	0.7506485015045239	0.0	0.0	5209.047446002267
1643875.8366423815	3.7262966325121254	7.301488009260359	0.24933928940259784	0.7506606891148789	0.0	0.0	5257.7980435069685
1643899.882712358	3.72342853279056	7.3003033539004445	0.2493247171953273	0.7506752613217095	0.0	0.0	5320.44272373009
1643928.7379963305	3.7201162225640214	7.298953955513803	0.24930954168422917	0.7506904368323323	0.0	0.0	5393.835452698089
1643963.3643370967	3.716154996227613	7.297284720503914	0.249288513284338	0.750711465231562	0.0	0.0	5482.58695820417
1644004.915946016	3.711724266159525	7.295077990274003	0.2492658734298391	0.7507341050853192	0.0	0.0	5581.406112742289
1644029.5081741088	3.708680524716592	7.295293697919617	0.249251006869234	0.7507489716454528	0.0	0.0	5661.597103252115
1644054.1004022015	3.7061033546881497	7.294444579386485	0.24923868713650563	0.7507612913777764	0.0	0.0	5723.592964678288
1644083.6110759126	3.7032836348912337	7.292872749947249	0.24922086936454807	0.750779109149155	0.0	0.0	5787.916619405086
1644119.0238843658	3.7001436449450127	7.291332870510854	0.24919967466082868	0.7508003038521749	0.0	0.0	5861.81767689759
1644140.271569438	3.697982633527801	7.292593859007569	0.24918948700543456	0.7508104915072333	0.0	0.0	5929.046048025193
1644161.51925451	3.696115322121883	7.292635513486819	0.2491767115375172	0.7508232669747459	0.0	0.0	5980.538263774113
1644187.0164765962	3.694217998839488	7.292004011587338	0.2491615036934364	0.7508384748183414	0.0	0.0	6028.637476593522
1644217.6131431002	3.6921302535705207	7.291167572415211	0.24914586244470788	0.750854116066556	0.0	0.0	6081.0201141924135
1644254.3291429046	3.689815760310176	7.290108477031834	0.2491238979625243	0.7508760805480287	0.0	0.0	6138.692493747163
1644298.38834267	3.6872329464678826	7.288854308530472	0.24909978693065016	0.7509001915791034	0.0	0.0	6203.180553627446
1644351.2593823883	3.684423096190661	7.287368183522477	0.2490683473964578	0.7509316311122604	0.0	0.0	6273.227826952316
1644414.7046300503	3.6810016778258143	7.286356045121094	0.24903621231664597	0.750963766190988	0.0	0.0	6365.431189605204
1644490.8389272443	3.672702403961987	7.31886948195595	0.24899078118916165	0.7510091973177773	0.0	0.0	6865.672668378598
1644567.3110772204	3.666508269805944	7.364186674780781	0.24895136240810944	0.7510486160992965	0.0	0.0	7442.690485633009
1644639.805860934	3.6633947507531817	7.395259923197837	0.24890747832204843	0.7510925001860886	0.0	0.0	7825.167111504445
1644717.1320077255	3.662224014741197	7.409565500528737	0.2488622823533222	0.75113769615551	0.0	0.0	7998.119371111296
1644809.9233838753	3.6619303936251786	7.413157114400814	0.24880390008735223	0.7511960784215298	0.0	0.0	8042.127068211815
1644921.2730352546	3.661972579303313	7.412550695006826	0.24873499368968033	0.7512649848183569	0.0	0.0	8034.95316716413
1645054.89261691	3.662065294334443	7.411349418505561	0.2486498174878181	0.7513501610181827	0.0	0.0	8020.423142435575
1645215.2361148964	3.6621586207164976	7.4101658261556915	0.24854733571524884	0.7514526427874525	0.0	0.0	8006.059852244904
1645407.6483124802	3.6622347713686336	7.409215923731125	0.24842253402409545	0.7515774444739277	0.0	0.0	7994.505027971344
1645638.5429495806	3.66230681895462	7.40833620076787	0.2482756643060434	0.7517243141859923	0.0	0.0	7983.762761178314
1645915.6165141014	3.662369650613616	7.407569166805477	0.24810174218726888	0.7518982362973976	0.0	0.0	7974.40783556132
1646248.104791526	3.6624375106857943	7.406769420298159	0.24789356793019268	0.7521064105455478	0.0	0.0	7964.579463751012
1646647.0907244356	3.662504630574491	7.405966926037759	0.2476500681998565	0.7523499102654073	0.0	0.0	7954.765155837264
1647125.8738439274	3.662583374175485	7.405043379030216	0.24736507288801324	0.7526349055650382	0.0	0.0	7943.43053540552
1647700.413587317	3.6626747664524406	7.404000204563799	0.24703280517233575	0.7529671732665858	0.0	0.0	7930.557718123925
1648389.8612793852	3.6627854842243495	7.4027028786306115	0.2466484756522432	0.7533515027704761	0.0	0.0	7914.684942853579
1649217.1985098668	3.6629237515466024	7.401113252948219	0.24620684121785005	0.7537931371864435	0.0	0.0	7895.184516287541
1650210.0031864448	3.6631105161825905	7.399032615037673	0.24571000482625896	0.7542899735575158	0.0	0.0	7869.5234893688685
1651401.368798338	3.663357541748823	7.3962877763890225	0.24516088763351265	0.7548390907278526	0.0	0.0	7835.775154958416
1652831.0075326103	3.663704426696877	7.392546111605204	0.24457689130879048	0.755423087029042	0.0	0.0	7789.639572329098
1654546.5740137368	3.664154188711781	7.387746436238739	0.2439835231784407	0.756016455135842	0.0	0.0	7730.685427243034
1656605.2537910885	3.664573678982915	7.383266471720483	0.24344721754586313	0.7565527607474702	0.0	0.0	7676.071983776794
1659075.6695239109	3.6647912347403264	7.381127089370352	0.2426717974611771	0.7573281808024173	0.0	0.0	7649.520909220917
1662040.1684032974	3.664813856966145	7.380893805878523	0.24144352905196895	0.7585564491643764	0.0	0.0	7646.670030079352
1665597.5670585614	3.664795986352847	7.381060509202104	0.2398087658347058	0.7601912123177175	0.0	0.0	7648.7671990087565
1669866.4454448782	3.66476939807844	7.38132379473035	0.23784314476709084	0.7621568333067359	0.0	0.0	7652.022917872315
1674989.0995084585	3.6647370760046103	7.381644554980931	0.23547317740533832	0.7645268005711379	0.0	0.0	7655.988745509219
1681136.284384755	3.6646982359403553	7.3820310634983475	0.23261638283281497	0.7673835950224458	0.0	0.0	7660.766420236076
1688512.9062363105	3.6646521470154862	7.382491063483601	0.2291688688961361	0.7708311088070542	0.0	0.0	7666.451606224541
1697364.8524581771	3.664597365350029	7.3830409432965665	0.2250086210711708	0.7749913564397075	0.0	0.0	7673.242115610715
1707987.1879244172	3.6645305974403497	7.383716373571454	0.21998340526507207	0.780016572000091	0.0	0.0	7681.572834544907
1720733.9904839052	3.664450930121072	7.384524494924211	0.21390779007299923	0.7860921868743546	0.0	0.0	7691.54434159738
1736030.1535552908	3.664356065512672	7.38549118685473	0.20655236936667945	0.7934476071632129	0.0	0.0	7703.474038101077
1754385.5492409538	3.6642413542254006	7.386675073001944	0.19763120131884548	0.8023687746527289	0.0	0.0	7718.057129407864
1776412.024063749	3.6641026552685823	7.388109509795926	0.18678526232368825	0.813214712883141	0.0	0.0	7735.753192482311
1802843.7938511032	3.6639321064744887	7.389905954100039	0.17356349773498386	0.8264364763952019	0.0	0.0	7757.859767812267
1825922.0123269632	3.663792602930088	7.39139623148684	0.16179657222518	0.8382034008118933	0.0	0.0	7776.175807164624
1847299.3763541095	3.663671886413719	7.392712375022008	0.1507185791992046	0.8492813926708408	0.0	0.0	7792.298406997992
1867692.658173239	3.663558984707884	7.393930528697767	0.13999284143156746	0.8600071291573977	0.0	0.0	7807.292595228178
1887456.999559628	3.66345303963952	7.395099767548813	0.12945266036768788	0.870547308790331	0.0	0.0	7821.624550829485
1906775.122135956	3.663353176993125	7.396214735361342	0.119015664876861	0.8809843026636521	0.0	0.0	7835.273750754085
1925746.0455400655	3.6632575138219874	7.397289070962592	0.10862579896404465	0.8913741667255132	0.0	0.0	7848.427823085884
1944421.0741486105	3.6631631180413926	7.398341439779976	0.09826963145560044	0.9017303320940232	455.38083910927986	0.0	7861.359276511318
1962829.4664736416	3.6630717930417465	7.399385660187192	0.08792624731099725	0.9120737137292229	455.38083910928	0.0	7874.126813744904
1980989.298098608	3.6629830991619903	7.400405755073059	0.07757281810151394	0.9224271399417737	455.44765688804773	0.0	7886.600465768325
1998680.0906953756	3.662896573668616	7.40139180112097	0.06734609249843737	0.9326538619463217	455.4476568880483	0.0	7898.705362722531
2015242.4488393553	3.66281682827838	7.4023173519030685	0.05764907886737	0.9423508713605264	455.4476568880481	0.0	7910.030903939616
2030080.6554570328	3.6627464808839263	7.403136451804598	0.04883824818779946	0.9511616972471088	455.4476568880486	0.0	7920.059148572768
2042995.4857481031	3.6626848458907033	7.403862268815264	0.04108498246205161	0.9589149576519856	455.447656888048	0.0	7928.930360771237
2054021.761069052	3.6626310980675303	7.404503119588368	0.03439486839942686	0.9656050658881247	455.44765688804824	0.0	7936.746781061792
2063319.2115753023	3.662584555130575	7.40506306077741	0.02870431058489172	0.9712956173895996	455.44765688804773	0.0	7943.567330000859
2071095.155552735	3.662545195119136	7.405548828293563	0.02391416278959975	0.9760857584021229	455.4476568880481	0.0	7949.451879595685
2077568.3127514557	3.6625102353782744	7.405979231033696	0.019902850434904053	0.9800970634996339	455.44765688804773	0.0	7954.672527708952
2082942.9796968892	3.662479531225996	7.406360538497777	0.016555415148676936	0.9834444910466263	455.4476568880483	0.0	7959.290714261688
2087398.916595176	3.6624519006034855	7.406701091616519	0.013766593147844938	0.9862333048090829	455.447656888048	0.0	7963.425206475643
2091090.2376025373	3.6624257382470025	7.407016840798989	0.01144974035755352	0.9885501488620224	455.4476568880481	0.0	7967.280451383077
2094148.222874368	3.662403219398095	7.407298285495527	0.009526480117739928	0.9904733998542187	455.44765688804773	0.0	7970.689011726542
2096683.5004051444	3.6623852008132456	7.407523259917753	0.007928110952891807	0.9920717592833876	455.44765688804847	0.0	7973.415374030352
2098786.7708078623	3.662367844833117	7.407751567777501	0.006602499948779986	0.993397360352168	455.44765688804773	0.0	7976.148940958587
2100533.56401011	3.662351018550064	7.407964926318707	0.005501091879606262	0.9944987578966986	455.44765688804773	0.0	7978.726658464974
2101986.1925029666	3.6623358263450783	7.408162231134176	0.004585444202393807	0.9954143944461986	455.44765688804773	0.0	7981.097636002976
2103195.298592137	3.6623218567046374	7.408345980782538	0.003824976535781994	0.9961748503924756	455.447656888048	0.0	7983.299782308193
2104203.0892572743	3.662308513513892	7.4085209777466465	0.0031919620565391124	0.9968078525279338	455.4476568880475	0.0	7985.399030353488
2105044.116040488	3.662296169535492	7.408679962547602	0.002664886843818414	0.9973349147656826	455.44765688804773	0.0	7987.314830689536
2105746.591936206	3.662284318694719	7.408843079669864	0.0022259574603162384	0.9977738305388264	455.44765688804733	0.0	7989.250956122528
2106333.9775908072	3.6622734485320767	7.408989523024623	0.0018605699420826956	0.998139203819344	455.44765688804773	0.0	7990.998061493368
2106825.793451024	3.662263422201397	7.409127366962048	0.0015564693503623372	0.9984432895580193	455.44765688804733	0.0	7992.635358218329
2107238.317305729	3.66225382469563	7.409258440467134	0.0013029077172600045	0.9986968357033617	455.4476568880475	0.0	7994.194890265256
2107584.897545985	3.66224468496851	7.409383648311418	0.001091677736321875	0.9989080495913792	455.44765688804705	0.0	7995.683874621024
2107876.603596907	3.662237426143218	7.409486209470279	0.0009154242719059333	0.999084286348726	455.44765688804733	0.0	7996.89536066205
2108122.614926242	3.6622278475871215	7.409614412261688	0.0007684968279318658	0.9992311965139254	455.4476568880471	0.0	7998.428590828365
2108330.55489922	3.6622218887401576	7.409699440125248	0.000645967215524457	0.9993537083036788	455.4476568880473	0.0	7999.43112430196
2108506.818458013	3.6622129198124513	7.409824289115455	0.000543567786933347	0.9994560893633042	455.4476568880471	0.0	8000.911485198872
2108656.630605977	3.662205463751052	7.409928345313314	0.0004580552051241707	0.9995415830865264	455.44765688804733	0.0	8002.144805191301
2108784.3414846347	3.662199604237932	7.4100147225039725	0.0003865964482465758	0.9996130225364936	455.44765688804705	0.0	8003.156576082705
2108893.6054083942	3.6621949703016656	7.410080908628835	0.0003267476292288829	0.999672851610388	455.4476568880475	0.0	8003.93723930525
2108987.4118106244	3.6621896799013394	7.410157455231686	0.000276634877827203	0.9997229442454477	455.4476568880471	0.0	8004.837658669034
2109068.25135475	3.662184505677388	7.410232490565648	0.0002345810922296523	0.9997649775616878	455.4476568880473	0.0	8005.719966897472
2109138.195679276	3.6621822230734096	7.410268389253437	0.0001992866372561816	0.9998002512627465	455.44765688804705	0.0	8006.135007559936
2109198.9680125266	3.662175389863111	7.410366206512067	0.00016958838071643267	0.9998299284956098	455.44765688804733	0.0	8007.288649644539
2109252.0012474065	3.6621733036840816	7.410398826245592	0.00014458892300716226	0.999854906725218	455.4476568880468	0.0	8007.6662988219905
2109298.4874774776	3.662169496195267	7.410456129699464	0.0001234971023743992	0.9998759771380261	455.4476568880471	0.0	8008.33502432064
2109339.425617902	3.662169668610322	7.410461511379278	0.0001056780892073047	0.9998937746084134	455.4476568880464	0.0	8008.378284559892
2109375.6451635314	3.662163474527516	7.410552126509602	9.057794571696848e-05	0.9999088530764925	455.4476568880469	0.0	8009.442262919043
2109407.8323689764	3.6621654521335456	7.41052699552306	7.777379495367181e-05	0.9999216354763144	455.44765688804625	0.0	8009.137586888773
2109436.5630196827	3.662159599999052	7.410614646991301	6.689555062409848e-05	0.9999324919199939	455.4476568880468	0.0	8010.161721175728
2109462.3279450852	3.662161708205202	7.410586709107761	5.763326768920238e-05	0.9999417323692816	455.4476568880464	0.0	8009.826316091481
2109485.5358391674	3.662156520182671	7.410666106411424	4.971648011626064e-05	0.9999496272614335	455.4476568880464	0.0	8010.749912327714
2109506.519282933	3.6621591609951	7.410629542590255	4.2953146905114104e-05	0.9999563687093198	455.4476568880461	0.0	8010.31528449656
2109525.5638753874	3.662154290738376	7.41070596016416	3.7165707140452714e-05	0.9999621342937962	455.4476568880464	0.0	8011.199730958106
2109542.9222452533	3.662158107886527	7.41064980641179	3.2195602173997e-05	0.9999670825444461	455.44765688804574	0.0	8010.541013001977
2109558.7998624747	3.6621537010598537	7.410722158216599	2.792444598300852e-05	0.9999713318801816	455.4476568880464	0.0	8011.370886196325
2109573.370839597	3.6621578763278593	7.4106607220028575	2.4251762962551117e-05	0.9999749828120053	455.44765688804574	0.0	8010.650224702064
2109586.7915432947	3.662153864276948	7.410729158393747	2.10815710077872e-05	0.9999781312771177	455.4476568880464	0.0	8011.429430378469
2109599.1905139848	3.6621586974681657	7.410656137150158	1.8352755098522937e-05	0.999980838496455	455.4476568880459	0.0	8010.577648559008
2109610.6858893633	3.662154898140915	7.41072404797168	1.5991925110011576e-05	0.9999831777914951	455.4476568880464	0.0	8011.344151486574
2109621.380128567	3.662159412549211	7.410653993498915	1.3946211338554269e-05	0.9999852020269336	455.44765688804574	0.0	8010.531499436811
2109631.3520339234	3.6621560453869817	7.410716700576373	1.217384478305486e-05	0.9999869530091045	455.4476568880464	0.0	8011.2340582300385
2109640.6752646924	3.6621607937576415	7.410641558101331	1.063500641834515e-05	0.9999884705398592	455.4476568880459	0.0	8010.3658635409265
2109649.4140529092	3.6621578200942912	7.410700526304181	9.298650862960334e-06	0.9999897856897325	455.4476568880464	0.0	8011.019406913034
2109657.6246855236	3.662162737298408	7.410621267751469	8.13684401036221e-06	0.9999909263964116	455.4476568880457	0.0	8010.107049079853
2109665.3584880433	3.6621600810119	7.410677557221315	7.125468957265252e-06	0.9999919167740955	455.4476568880464	0.0	8010.724157868029
2109672.659802031	3.6621651174248178	7.41059484954297	6.242805301720008e-06	0.9999927785088181	455.4476568880459	0.0	8009.775629957573
2109679.564723746	3.6621627306730784	7.410649093051525	5.473197961239722e-06	0.9999935272981304	455.4476568880464	0.0	8010.363901856859
2109686.1062963824	3.6621678945741913	7.410562720952803	4.801682677863231e-06	0.9999941781123046	455.4476568880461	0.0	8009.376924048416
2109692.3168076253	3.6621657497930302	7.4106153944986355	4.215086125673921e-06	0.9999947441200837	455.4476568880464	0.0	8009.941763166368
2109698.224191613	3.6621710231840656	7.410525623679505	3.7014468290073914e-06	0.9999952372477908	455.4476568880459	0.0	8008.919460764494
2109703.850823069	3.66216915794886	7.41057603299308	3.2521904613146253e-06	0.9999956661102981	455.4476568880464	0.0	8009.45307754534
2109709.2175435196	3.662174516357744	7.410483432510848	2.859032458086843e-06	0.9999960389975653	455.4476568880461	0.0	8008.401612467111
2109714.345462607	3.6621728747226623	7.410532413198944	2.514376706484076e-06	0.9999963634842426	455.4476568880464	0.0	8008.913775016576
2109719.251932693	3.662178309018977	7.410437032131719	2.2122966324342256e-06	0.9999966455151637	455.44765688804574	0.0	8007.833946939673
2109723.9526940896	3.662176870060789	7.410484865134123	1.947374221853631e-06	0.99999689050998	455.4476568880464	0.0	8008.328016919161
2109728.4628907237	3.66218235355268	7.410387154918062	1.7146130189913371e-06	0.9999971034386647	455.4476568880459	0.0	8007.224982088709
2109732.7946111383	3.6621810688896215	7.410434545509384	1.5102839347209103e-06	0.9999972880599208	455.4476568880464	0.0	8007.709245886301
2109736.959263384	3.66218660276108	7.410334345789784	1.3308086675499592e-06	0.9999974479531257	455.4476568880459	0.0	8006.581490627185
2109740.9684298327	3.6621855266824697	7.4103803010151905	1.1730806057554135e-06	0.9999975862247165	455.4476568880464	0.0	8007.04479232776
2109744.832294658	3.6621911006115786	7.410278100507319	1.034376792657342e-06	0.99999770559633	455.4476568880459	0.0	8005.897212229896
2109748.5600630012	3.662190187396853	7.410323343887496	9.123378189252479e-07	0.9999978084270468	455.4476568880464	0.0	8006.347907897226
2109753.0333850137	3.662194888566447	7.410240847716055	7.814619540872065e-07	0.9999979153815355	455.4476568880459	0.0	8005.414206701896
2109758.401371429	3.6621913210339625	7.410322918232478	6.452034939252385e-07	0.9999980216950856	455.4476568880464	0.0	8006.302186614975
2109764.8429551274	3.6621930138017342	7.410286857338755	5.082460849797518e-07	0.9999981208352328	455.4476568880459	0.0	8005.907388600318
2109772.5728555657	3.6621851159135006	7.410418088829298	3.768661129130542e-07	0.9999982040041367	455.4476568880464	0.0	8007.408292305262
2109781.848736091	3.6621824027964776	7.410443167390317	2.581465529254276e-07	0.9999982604938646	455.44765688804574	0.0	8007.739542624428
2109790.640025996	3.662172631760752	7.410589976021038	1.746738711946568e-07	0.9999982809557149	455.4476568880464	0.0	8009.4535181390365
2109799.455988118	3.6621708126789194	7.410599363419306	1.143106032027856e-07	0.9999982738676738	455.4476568880461	0.0	8009.607179561682
2109808.2040752554	3.662161626645948	7.410739109329893	7.240476717250404e-08	0.9999982445770541	455.4476568880464	0.0	8011.234830380927
2109816.9314947096	3.6621607779479786	7.410734876671983	4.41400622543106e-08	0.9999981974239206	455.4476568880459	0.0	8011.227102515873
2109827.4043980553	3.6621498881326873	7.410899690607547	2.3538193332753817e-08	0.9999981207789037	455.4476568880464	0.0	8013.149214493968
2109839.9718820695	3.6621445284502663	7.410945979821131	1.0519894868323169e-08	0.9999980062664504	455.4476568880459	0.0	8013.774061570704
2109851.8510171524	3.6621322731103145	7.411129368369837	4.450293234851347e-09	0.9999978812044709	455.4476568880464	0.0	8015.918608381653
2109863.718257722	3.6621292752028944	7.411159923096583	1.717700507235738e-09	0.9999977410594127	455.4476568880459	0.0	8016.311264168632
2109875.382458884	3.6621184731971423	7.41130848962124	0.0	0.9999934861267327	455.4476568880464	0.0	8018.081369771008
2109886.8334384067	3.6621170244675554	7.4113189572578895	0.0	0.9999952218287956	455.4476568880457	0.0	8018.231493379987
2109898.040903215	3.662108348097703	7.411450618851696	8.972822950278698e-11	0.9999972368035195	455.4476568880461	0.0	8019.767429849426
2109908.998842485	3.6621095745099255	7.411420504160774	2.558955487571077e-11	0.9999970575729751	455.4476568880456	0.0	8019.444090121942
2109919.722659208	3.662101635746198	7.411546085157769	6.5423434991961636e-12	0.9999968570727642	455.4476568880461	0.0	8020.896862385298
2109930.238186621	3.662101923794893	7.411531846467421	1.5439352794310826e-12	0.9999966435598387	455.4476568880459	0.0	8020.754738073782
2109940.56322597	3.662094757766068	7.411644833109739	3.3651615719871267e-13	0.999996416361115	455.4476568880464	0.0	8022.062881142397
2109950.7159903175	3.66209601207392	7.411617926443224	6.789776605301045e-14	0.9999961750106192	455.4476568880461	0.0	8021.768045701203
2109960.7124459357	3.6620893767331126	7.411724805310554	1.2613275020187014e-14	0.9999959177487256	455.44765688804654	0.0	8023.000329773952
2109970.5672071315	3.662090870373965	7.4116929556674975	2.1668712244968545e-15	0.9999956443587651	455.4476568880461	0.0	8022.650961976013
2109980.293060692	3.662084534162669	7.411796347674917	3.446853441026574e-16	0.999995354072676	455.4476568880468	0.0	8023.840117513981
2109989.9014743213	3.6620862449468783	7.411761259067408	5.0665479206029957e-17	0.9999950456859933	455.44765688804625	0.0	8023.452770327488
2109999.402901857	3.6620800911922697	7.411862612371069	6.885105285077696e-18	0.9999947181274941	455.4476568880468	0.0	8024.616467102066
2110008.806794362	3.6620819149523185	7.411825703793029	8.663867699651923e-19	0.9999943704187004	455.4476568880468	0.0	8024.208094359908
2110018.1216706512	3.6620758302448673	7.411926499029393	1.009423791909946e-19	0.9999940013778172	455.4476568880473	0.0	8025.36419253797
2110027.355408178	3.6620781173850543	7.411881926595246	1.0871907037730375e-20	0.9999936094889261	455.44765688804654	0.0	8024.867850499683
2110036.5151546574	3.662072044499487	7.411983671560437	1.0883063367891097e-21	0.9999931939587983	455.4476568880471	0.0	8026.032382567075
2110045.6074058674	3.6620738852791375	7.411945913037219	1.0059248343598636e-22	0.9999927522197877	455.4476568880468	0.0	8025.615455381485
2110054.638302572	3.6620678683065946	7.41204608981851	0.0	0.9999922834265277	455.44765688804733	0.0	8026.7635372901295
2110063.6133988206	3.662069423507208	7.412007215244235	0.0	0.9999917866005175	455.44765688804705	0.0	8026.34681483051
2110072.5377923916	3.6620634255572697	7.41210742790731	0.0	0.999991259542888	455.44765688804733	0.0	8027.494629753669
2110081.416381382	3.6620656670603577	7.4120632218968545	0.0	0.9999907004682808	455.44765688804705	0.0	8027.00322923995
2110090.253604291	3.6620595285889994	7.412166584049254	0.0	0.9999901081891398	455.4476568880475	0.0	8028.185443269557
2110099.053537317	3.662061828778912	7.412120453795288	0.0	0.9999894801221031	455.4476568880469	0.0	8027.674046615454
2110107.8201198415	3.662055705747216	7.412223663740152	0.0	0.9999888142691072	455.4476568880475	0.0	8028.854381633209
2110116.5570067572	3.6620574305318687	7.412186535714392	0.0	0.999988108771024	455.4476568880471	0.0	8028.447424202688
2110125.2676007943	3.662051309508228	7.412288569649078	0.0	0.9999873610855065	455.4476568880475	0.0	8029.616927118526
2110133.955084374	3.6620526385645817	7.4122508168338275	7.88554258737643e-26	0.9999865690444047	455.4476568880471	0.0	8029.218787908182
2110142.6224458865	3.6620465017148014	7.412353266807028	0.0	0.9999857297315888	455.44765688804773	0.0	8030.3928348728605
2110151.272578436	3.662048196110592	7.412316218807552	0.0	0.9999848404309016	455.44765688804705	0.0	8029.987663058624
2110159.908199037	3.6620419965904034	7.412419570442953	0.0	0.9999838985859238	455.4476568880475	0.0	8031.172477277546
2110168.53186636	3.6620436764994713	7.412382490284509	0.0	0.9999829009353077	455.4476568880468	0.0	8030.767504555585
2110177.1459805504	3.662037494478155	7.412485557829291	0.0	0.9999818445510468	455.4476568880473	0.0	8031.949159560552
2110185.7528259675	3.6620396334267977	7.412440987550656	0.0	0.9999807256413821	455.44765688804705	0.0	8031.45791123985
2110194.354628647	3.662033344912912	7.412546705814641	0.0	0.9999795408093533	455.4476568880473	0.0	8032.668120854886
2110202.9535711617	3.662034747954531	7.412514282796168	0.0	0.9999782858875914	455.44765688804705	0.0	8032.316381031946
2110211.5516925533	3.6620284584404	7.412618566575384	0.0	0.9999769577734173	455.44765688804733	0.0	8033.513489557386
2110221.8694382235	3.6620280074625	7.412611032107285	0.0	0.9999752514420872	455.4476568880471	0.0	8033.460488249521
2110234.2507330272	3.662017439082639	7.4127717308766	0.0	0.9999730304088496	455.44765688804773	0.0	8035.337970535053
2110245.8942597536	3.6620154655319146	7.412790204675766	0.0	0.999970769397916	455.4476568880468	0.0	8035.581905276413
2110257.4912739033	3.6620061733365454	7.412930639208261	0.0	0.9999683424540179	455.4476568880475	0.0	8037.225135794096
2110268.910048508	3.662005837322301	7.412925471388613	0.0	0.9999657705943018	455.4476568880473	0.0	8037.189753841211
2110280.1989174704	3.6619974556784456	7.41305417922037	0.0	0.9999630390910405	455.4476568880475	0.0	8038.691074429636
2110291.363820049	3.6619979132558305	7.413035948240957	0.0	0.999960139575748	455.4476568880471	0.0	8038.505411649173
2110302.418715047	3.6619900122447113	7.413159349035232	0.0	0.9999570631770612	455.4476568880475	0.0	8039.940058498654
2110313.3743465655	3.661990563584883	7.413141719283327	0.0	0.999953799201605	455.4476568880471	0.0	8039.756460384826
2110324.2411617	3.661983012851244	7.413260584448436	6.428085564605128e-25	0.9999503367082736	455.4476568880475	0.0	8041.136369771824
2110335.0285660936	3.661983904963305	7.413236717139909	1.9402297567639555e-24	0.9999466658921309	455.44765688804705	0.0	8040.882381767628
2110345.745271178	3.6619766408689696	7.413351719689816	0.0	0.9999427732479295	455.44765688804733	0.0	8042.216104625018
2110356.3993931096	3.6619753438609104	7.41334473592077	1.657685172100496e-26	0.9999386476131945	455.4476568880471	0.0	8042.199478016652
2110366.9984780475	3.6619684352561017	7.41345364334943	3.901478944191642e-24	0.9999342745862276	455.44765688804733	0.0	8043.463808025867
2110377.5495885727	3.6619698490822055	7.41342257682961	9.157298546363525e-27	0.9999296414810077	455.4476568880473	0.0	8043.123757169978
2110388.059338461	3.6619630883610537	7.413531122130488	7.134250588165348e-24	0.9999247327178522	455.4476568880475	0.0	8044.379400200557
2110398.5340615655	3.66196422544348	7.413505223595422	0.0	0.9999195328478554	455.4476568880475	0.0	8044.097423512747
2110408.979720086	3.661957476900508	7.413613328542344	1.219081069231247e-24	0.9999140259533733	455.44765688804773	0.0	8045.348688540324
2110419.401913264	3.6619588772878897	7.413583454959075	3.611347771138625e-24	0.999908194973553	455.44765688804733	0.0	8045.020105059907
2110429.8060497483	3.661952188137544	7.413691154360919	0.0	0.9999020206322794	455.44765688804773	0.0	8046.265556039932
2110440.1973000383	3.661953670282153	7.413658915211373	0.0	0.9998954851667758	455.44765688804733	0.0	8045.911993030945
2110450.5806030324	3.661946936428188	7.413767275548718	1.2405659803661706e-25	0.9998885674428277	455.44765688804773	0.0	8047.165362063048
2110460.9609124265	3.6619485754407473	7.4137324275566066	0.0	0.9998812452711349	455.44765688804733	0.0	8046.78177759642
2110473.417283699	3.661939755025336	7.413870514103667	0.0	0.9998718467584748	455.44765688804773	0.0	8048.388055634597
2110488.364929226	3.661936799214107	7.41390437076003	0.0	0.999859630592898	455.4476568880475	0.0	8048.811338976721
2110502.4344296413	3.661926607198093	7.41405430511174	0.0	0.9998472493821173	455.447656888048	0.0	8050.578683880522
2110516.4649810195	3.661925391001131	7.41406110123175	0.0	0.9998339728004119	455.4476568880473	0.0	8050.686764561135
2110530.301938377	3.6619160698193767	7.414200584141602	0.0	0.9998199238584023	455.447656888048	0.0	8052.325336719202
2110544.0085619455	3.661915071319183	7.4141991081642304	3.634007799347153e-27	0.99980501823666	455.4476568880475	0.0	8052.348680295845
2110557.5961716147	3.661906455987342	7.414329772992379	0.0	0.9997892223875888	455.447656888048	0.0	8053.879645842321
2110571.0857307445	3.6619071032469095	7.414310218414472	0.0	0.9997724835732928	455.44765688804733	0.0	8053.674324621636
2110584.4943738906	3.661898815103388	7.414437589706954	0.0	0.9997547537229309	455.4476568880475	0.0	8055.162861162708
2110597.8385879504	3.66189858588664	7.414436433519874	8.582920588798989e-26	0.9997359796124925	455.44765688804733	0.0	8055.160641744663
2110611.1339255692	3.6618907335064503	7.41455685359991	5.6219558682024816e-27	0.999716105222158	455.4476568880475	0.0	8056.568809213068
2110624.3950407985	3.6618913309592807	7.414535171007532	0.0	0.9996950750173476	455.4476568880471	0.0	8056.345529506024
2110637.635921957	3.6618836965350097	7.414653324797891	0.0	0.9996728264194248	455.44765688804733	0.0	8057.724792413411
2110650.8701458764	3.6618845658917847	7.414631512567666	0.0	0.9996492970137154	455.44765688804705	0.0	8057.490188773715
2110666.7512145806	3.661874889059488	7.414778095122837	0.0	0.9996191378321533	455.4476568880473	0.0	8059.209218995516
2110685.808497025	3.6618719630972314	7.414811360270894	0.0	0.9995800753983048	455.4476568880471	0.0	8059.626474973528
2110703.791518971	3.6618610545641825	7.414970174323709	0.0	0.9995405613633026	455.44765688804733	0.0	8061.5052081665635
2110721.7819728493	3.6618590929812456	7.414989088897034	1.159426092353372e-26	0.9994982916513653	455.4476568880468	0.0	8061.753583989824
2110739.594936649	3.6618492739658826	7.415133222231027	2.3863328026461246e-26	0.9994536796710621	455.4476568880473	0.0	8063.456066444512
2110757.324048624	3.6618491871922743	7.415125873138093	0.0	0.9994064859114816	455.4476568880468	0.0	8063.391064375539
2110774.9953871965	3.661839940811406	7.415263511966024	0.0	0.9993586849858656	455.4476568880473	0.0	8065.012321430528
2110792.647366868	3.6618395466446594	7.415261312503314	0.0	0.9993060271406181	455.4476568880471	0.0	8065.006538656887
2110813.8297424726	3.661828921732478	7.415416836188262	0.0	0.9992390977150051	455.4476568880473	0.0	8066.845430943463
2110839.2485931986	3.661824740565456	7.415468984565411	0.0	0.9991526495274244	455.44765688804705	0.0	8067.485100869254
2110863.322500919	3.6618131420923214	7.415634397228467	0.0	0.9990654734094877	455.4476568880473	0.0	8069.452607549234
2110887.5190640916	3.661811222632724	7.415654219140368	0.0	0.9989725581111472	455.4476568880468	0.0	8069.708092541341
2110911.6155459397	3.6618008486357025	7.415803672142681	0.0	0.9988748722186132	455.4476568880475	0.0	8071.482317248698
2110940.531324157	3.6617981302490614	7.415834999313525	0.0	0.9987504924449925	455.44765688804705	0.0	8071.874482741527
2110975.230258017	3.6617841696755207	7.4160321233344915	0.0	0.9985938224604136	455.44765688804733	0.0	8074.225663564139
2111008.2709094696	3.6617786797293967	7.416069364520459	0.0	0.9984343377955976	455.44765688804705	0.0	8074.776002452934
2111047.919691213	3.6617658147823784	7.416250029907462	0.0	0.9982349165882757	455.44765688804733	0.0	8076.934226134397
2111095.498229305	3.6617596875420655	7.416331451535683	0.0	0.9979785125526544	455.4476568880468	0.0	8077.919325662896
2111152.592475015	3.6617443924710487	7.4165440878921265	0.0	0.997657630836571	455.4476568880475	0.0	8080.46623507464
2111221.1055698674	3.661736723356962	7.416636774725539	8.293954485999364e-26	0.9972487231167229	455.4476568880471	0.0	8081.613962862049
2111303.3212836906	3.661721425461964	7.416845077735429	2.590592410106799e-25	0.9967417794919917	455.4476568880475	0.0	8084.121810923149
2111401.9801402777	3.6617133558370663	7.416950157509357	0.0	0.996109256570469	455.4476568880469	0.0	8085.400331450724
2111520.3707681824	3.6616969635469943	7.417175354139631	0.0	0.9953312224829377	455.44765688804733	0.0	8088.107424748528
2111662.4395216685	3.6616877228829674	7.417297980703398	0.0	0.9943855422513936	455.4476568880469	0.0	8089.593620630334
2111832.922025851	3.6616711580117007	7.417523290704232	0.0	0.993226630898652	455.44765688804733	0.0	8092.309605611053
2112037.501030871	3.6616598770528617	7.417671433042786	0.0	0.9918435637761789	455.4476568880471	0.0	8094.110392622978
2112282.9958368954	3.6616415892078913	7.417914247755208	0.0	0.9901482448055076	455.44765688804773	0.0	8097.055317965225
2112577.589604123	3.661626699853244	7.418110503908011	0.0	0.9881824860526	455.44765688804733	0.0	8099.440383601657
2112931.102124797	3.6616070164953887	7.418370990948416	0.0	0.9856487900898285	455.447656888048	0.0	8102.604173010779
2113355.3171496056	3.6615893100868546	7.418611131542086	0.0	0.9829011728273397	455.4476568880473	0.0	8105.50553078223
2113864.375179376	3.6615683516110034	7.418892955860638	1.4324170856657368e-23	0.9792432110047032	455.44765688804773	0.0	8108.918501485987
2114475.244815101	3.6615460867919594	7.419191730142696	0.0	0.9753302251020234	455.4476568880471	0.0	8112.540022214771
2115208.28837797	3.661523475048236	7.419482549721852	0.0	0.9698636392797305	455.4476568880475	0.0	8116.10179798108
2116087.9406534135	3.6614997080873506	7.419784949300638	0.0	0.964371598959205	455.4476568880469	0.0	8119.816586440096
2117143.5233839457	3.661473084531172	7.420137870162424	0.0	0.9572907433426744	455.44765688804733	0.0	8124.11246527772
2118410.222660584	3.6614462827245826	7.420488438846976	0.0	0.9487471808448928	455.4476568880471	0.0	8128.395277214198
2119930.2617925503	3.661416647691518	7.420878281962933	0.0	0.9385376703294472	455.44765688804773	0.0	8133.154202006989
2121754.3087509098	3.6613854484466466	7.421276251351284	0.0	0.9263501281853245	455.4476568880475	0.0	8138.050671320867
2123404.4243925624	3.661359273680864	7.421616769373394	0.0	0.9153779351708972	455.44765688804773	0.0	8142.223102804515
2124977.846963342	3.661336701364304	7.42190203823083	0.0	0.9049654080994085	455.44765688804733	0.0	8145.744376194194
2126517.952723826	3.661315539291447	7.422174324500696	0.0	0.8948213883175407	455.44765688804773	0.0	8149.092444493718
2128045.2821547175	3.6612970244408753	7.422410275163062	0.0	0.8848097720291644	455.4476568880473	0.0	8152.001474735185
2129569.8916029367	3.6612794515086167	7.422643547179506	4.726863253336994e-25	0.874864464440586	455.4476568880473	0.0	8154.851021169933
2131399.422940799	3.661260487638264	7.422884353369931	0.0	0.8630011035200336	455.4476568880469	0.0	8157.824579023923
2133594.8605462336	3.6612389155235032	7.423158469358426	0.0	0.8488682992375187	455.4476568880473	0.0	8161.210215314595
2135438.3400606806	3.6612224962894664	7.423364906675198	0.0	0.8370750256993318	455.4476568880469	0.0	8163.767385180015
2137133.2961023576	3.661207730977502	7.42355055841316	0.0	0.8262948035067211	455.4476568880475	0.0	8166.06773831081
2138763.397501222	3.66119489003578	7.423707357646395	0.0	0.815978681610236	455.44765688804733	0.0	8168.025024138269
2140366.328013959	3.6611826367957536	7.423861720939754	0.0	0.8058917848607116	455.447656888048	0.0	8169.937754890384
2141960.0816117623	3.661172143393873	7.423993384145105	0.0	0.7959198428355109	455.44765688804733	0.0	8171.571144002797
2143872.585929126	3.661159584702775	7.424149717051942	0.0	0.784036132897686	455.447656888048	0.0	8173.514736686573
2146167.591109963	3.661146008298468	7.424309009305975	0.0	0.7698955419118151	455.4476568880475	0.0	8175.524962584457
2148093.586233444	3.661134877243573	7.424443443292684	0.0	0.7581134215272568	455.4476568880481	0.0	8177.20956609128
2149864.835502011	3.66112581236326	7.424548926772751	0.0	0.7473502841262174	455.4476568880475	0.0	8178.544094679652
2151569.2870829827	3.6611171717553255	7.424654246422272	0.0	0.7370601503766853	455.44765688804824	0.0	8179.861315992237
2153246.8105310393	3.661109214405154	7.424739021665234	0.0	0.7269980607676928	455.44765688804773	0.0	8180.95950383376
2154916.4408601415	3.661101928309236	7.424826782827639	0.0	0.7170411645431769	455.44765688804824	0.0	8182.060673596491
2156919.997255064	3.661094234582376	7.424911110116256	1.0687507506228146e-24	0.7051868198062492	455.4476568880475	0.0	8183.145001850693
2159324.2649289714	3.661085353367528	7.425008096310339	0.0	0.6910968063978967	455.4476568880481	0.0	8184.393509405496
2161345.0092431814	3.661079207675736	7.425077330631053	0.0	0.6793503801692937	455.44765688804773	0.0	8185.27756097183
2163205.7658970053	3.6610731586353182	7.425142339514929	0.0	0.6686153785760172	455.447656888048	0.0	8186.118241182933
2164998.309197972	3.6610669032977934	7.425190854545287	0.0	0.6583498073380862	455.4476568880475	0.0	8186.811322736502
2166764.2594457734	3.6610614788926017	7.425241996307296	0.0	0.6483101035167016	455.4476568880482	0.0	8187.49789292429
2168523.5001416886	3.6610569191067586	7.425279905717272	0.0	0.6383817262362026	455.44765688804773	0.0	8188.027177822565
2170634.5889767874	3.6610521119686665	7.4253266850743085	0.0	0.6265727123138141	455.44765688804785	0.0	8188.649445794813
2173167.895578906	3.6610471032583383	7.42536505332932	1.2570452057096684e-24	0.6125430438908701	455.44765688804733	0.0	8189.200061311346
2175301.4194200877	3.66104289463966	7.425399844650059	0.0	0.6008345815368804	455.44765688804785	0.0	8189.686812293968
2177268.7272918285	3.6610396192711105	7.425420702022087	0.0	0.5901295516042727	455.4476568880475	0.0	8190.007007188635
2179166.1241592034	3.6610363507631423	7.425442649868181	7.776890244020117e-25	0.5798896395663201	455.4476568880481	0.0	8190.337238426344
2181037.3051986797	3.661033940215256	7.425452956089795	0.0	0.5698735781262276	455.4476568880471	0.0	8190.525343633912
2182903.1611162447	3.661031288134097	7.425466149533544	0.0	0.5599676504432488	455.4476568880475	0.0	8190.74979002503
2185142.1882173233	3.661028842048673	7.425469298772426	0.0	0.5481976409136333	455.44765688804733	0.0	8190.871753940665
2187829.020738617	3.6610255077829055	7.425485589788168	0.0	0.5342308564198625	455.447656888048	0.0	8191.151154143774
2190096.255704146	3.661021560359486	7.425510376324418	3.1238364348223054e-26	0.5225637783810743	455.44765688804773	0.0	8191.533813617753
2192190.0375080435	3.6610162793914767	7.425558818774338	0.0	0.5118895378400748	455.4476568880481	0.0	8192.18990956545
2194211.889295802	3.6610095463552064	7.425626371233091	0.0	0.5016746877700236	455.4476568880481	0.0	8193.081099704286
2196207.85328241	3.6610017431756634	7.425713177801978	0.0	0.49168015844847374	455.44765688804824	0.0	8194.194407983523
2198603.0100663407	3.6609910304623248	7.425831969018223	0.0	0.479807657597788	455.44765688804773	0.0	8195.719467420207
2201477.198207057	3.6609821311124446	7.4259260154209805	0.0	0.46574398653638394	455.44765688804824	0.0	8196.94283494787
2203893.107330893	3.6609744940452664	7.426001294372432	0.0	0.45405193416787454	455.447656888048	0.0	8197.941595647306
2206121.317599524	3.6609675402082544	7.426071571840822	0.0	0.44337158976919655	455.4476568880483	0.0	8198.867470397772
2208272.2151234886	3.6609631086527465	7.426104319843313	0.0	0.43316393255542773	455.447656888048	0.0	8199.343925336747
2210395.831691228	3.6609597453171174	7.426123385098086	0.0	0.4231849439766662	455.4476568880486	0.0	8199.65090155384
2212506.236337451	3.6609557818084135	7.426148922029703	0.0	0.413365204181697	455.4476568880481	0.0	8200.041649739718
2214594.9753962215	3.6609531162369633	7.426159478333576	0.0	0.4037357281368275	455.44765688804847	0.0	8200.241969397885
2216652.990522859	3.660950683700947	7.42616167929056	0.0	0.3943395371513207	455.447656888048	0.0	8200.354610234475
2218676.949397697	3.660948235696309	7.426166679468965	0.0	0.3851868291782995	455.44765688804847	0.0	8200.494264660758
2220666.605369037	3.6609452076412095	7.426180828728111	0.0	0.37627354186557166	455.4476568880481	0.0	8200.742207447269
2222622.8631604332	3.6609403938923024	7.426220048718504	0.0	0.3675854952485509	455.44765688804847	0.0	8201.294314885878
2224546.8192055146	3.660936015926725	7.426252379312211	0.0	0.3591182957997175	455.4476568880481	0.0	8201.764945295412
2226439.8788524508	3.660932227550103	7.426276476523621	0.0	0.35086168073066926	455.4476568880483	0.0	8202.135583709427
2228303.8329537185	3.660929929059189	7.426281679130477	0.0	0.3428041177671328	455.44765688804824	0.0	8202.27153248016
2230140.3431104044	3.660927439442149	7.426286969382502	0.0	0.33493023564460633	455.4476568880487	0.0	8202.415530673288
2231950.6768570426	3.6609139260819377	7.4264393432735485	9.000082373802842e-26	0.3272338163668796	455.4476568880483	0.0	8204.365134043088
2233736.001059523	3.6608933978660314	7.42670313300988	0.0	0.31970402314421953	455.4476568880487	0.0	8207.633050747143
2235497.4907516283	3.660878041657808	7.426890385368859	0.0	0.3123348356410188	455.4476568880483	0.0	8209.983234123405
2237236.236389839	3.660868206376058	7.427003570410368	0.0	0.30511601786361053	455.44765688804847	0.0	8211.42505216702
2238953.2240159665	3.6608622653913754	7.42706469428797	0.0	0.29804561461448925	455.4476568880483	0.0	8212.227599785507
2240649.5446880166	3.6608579903616767	7.427099124396725	0.0	0.29111695829302786	455.44765688804847	0.0	8212.71481586535
2242326.5098354365	3.660854594936976	7.427121454877955	0.0	0.28431870429311323	455.44765688804824	0.0	8213.054381071168
2243985.010177857	3.66085239023119	7.427127905814496	0.0	0.27764909006536664	455.4476568880487	0.0	8213.198767512029
2245625.9361724136	3.6608515006072295	7.427115229444277	0.0	0.2711026328898753	455.44765688804847	0.0	8213.112551217948
2247250.392957232	3.660850818487307	7.427101186274925	0.0	0.2646729605383542	455.447656888049	0.0	8213.005563657314
2248859.3333511055	3.660850260870536	7.427081021016978	0.0	0.25835094207861165	455.44765688804887	0.0	8212.835981700213
2250453.384715555	3.660850221761689	7.4270610498882865	0.0	0.2521360087179985	455.447656888049	0.0	8212.64862844485
2252033.2326764637	3.66085004569444	7.427039402719387	0.0	0.2460238069241416	455.4476568880486	0.0	8212.450612338464
2253599.804744466	3.6608503305344255	7.427009738703213	0.0	0.24000648741194733	455.4476568880486	0.0	8212.15937363984
2255153.7404123056	3.6608510452449754	7.426971337111032	0.0	0.2340830301128324	455.4476568880483	0.0	8211.769282089812
2256695.723169655	3.660850843876356	7.426949069097512	0.0	0.22824659472953215	455.4476568880487	0.0	8211.566374559688
2258226.4457856105	3.6608518487725097	7.4269076834582	0.0	0.2224961324634688	455.44765688804847	0.0	8211.13712864419
2259746.6139829773	3.6608527621772544	7.426867774049702	1.4531434274991031e-27	0.21682773914186176	455.447656888049	0.0	8210.725319333536
2261257.1323699867	3.660853438556275	7.426830329705261	0.0	0.21123678994659667	455.44765688804887	0.0	8210.345793607226
2262758.823295095	3.6608531707856526	7.426804584682747	0.0	0.2057166073680188	455.44765688804927	0.0	8210.112566257128
2264252.309302774	3.660853300891561	7.426772720378039	0.0	0.20026397974041596	455.44765688804927	0.0	8209.806463693492
2265738.1429199073	3.6608538012973	7.426736944695107	0.0	0.19487855195156573	455.4476568880498	0.0	8209.449404556688
2267217.2201330154	3.660854283924992	7.426697538830557	0.0	0.18955620893592	455.44765688804927	0.0	8209.05872401488
2268690.641336239	3.660853017741721	7.426684042590279	0.0	0.18429193645547143	455.44765688804944	0.0	8208.979037990015
2270159.4590580007	3.660851514342371	7.426673386929333	0.0	0.17907885736996776	455.44765688804927	0.0	8208.935166259971
2271624.5833959905	3.660801294444148	7.427335010929775	0.0	0.17390703810828895	455.44765688804966	0.0	8217.090637781266
2273086.535604922	3.660721572018811	7.428496457542022	9.582987462520048e-28	0.16877270493085364	455.4476568880495	0.0	8231.106967327745
2274545.813731856	3.6606950757284102	7.428858400504549	0.0	0.1636783867494585	455.44765688804944	0.0	8235.542441702506
2276003.713973409	3.660684669109667	7.4289812845534895	0.0	0.15862299078176473	455.44765688804927	0.0	8237.102399022831
2277753.194263273	3.6606789158909945	7.4290363537061905	0.0	0.15260100475456564	455.4476568880495	0.0	8237.842908736604
2279852.570611109	3.6606688269022607	7.429159536704974	0.0	0.1454471007170587	455.447656888049	0.0	8239.39408553166
2281613.9874518113	3.6606635938626177	7.429204102001445	0.0	0.13949316749651425	455.4476568880498	0.0	8240.01541473765
2283237.3270421275	3.6606598291258097	7.429225545005595	0.0	0.1340437681656042	455.4476568880499	0.0	8240.361703920062
2284806.913247055	3.6606571530685983	7.429232743961608	0.0	0.12881439573658493	455.4476568880498	0.0	8240.531554384968
2286364.1410805886	3.6606553434213778	7.429225961014173	0.0	0.12366507864110252	455.44765688805006	0.0	8240.53587717612
2288232.81448083	3.660648527268956	7.429301912386336	0.0	0.11753805999711456	455.44765688805023	0.0	8241.515172994386
2290475.222561119	3.660643855624955	7.429311065857923	0.0	0.11026336992194906	455.4309524433581	0.0	8241.779334595878
2292435.681612276	3.6606404751708177	7.429312057639475	0.0	0.10396051116212432	455.43095244335774	0.0	8241.917050911994
2294329.84575047	3.660637862081507	7.429301765329932	0.0	0.09793047081129133	455.43095244335746	391.5235596261376	8241.918569581965
2296207.943092485	3.660635570947957	7.42928483159392	0.0	0.09200707901043083	455.4309524433575	391.54400383453736	8241.844849047913
2298049.495784004	3.660629189494711	7.42934596280279	0.0	0.08626062136641537	455.4309524433571	391.54400383453697	8242.667159010167
2299843.958196267	3.6606251873603086	7.429346551570765	0.0	0.08071538842586475	455.4309524433572	391.55422593873647	8242.824664318698
2301579.46268388	3.660621995533959	7.429332423978337	0.0	0.07540745476930112	455.4309524433571	391.5542259387364	8242.811755337416
2303245.6779352445	3.660620033023564	7.42930511854664	0.0	0.07036419963277875	455.4309524433572	391.5542259387364	8242.627127937081
2304833.872662015	3.660618827740489	7.4292653239805935	0.0	0.06560625550594272	455.43095244335694	391.5542259387359	8242.295248092589
2306338.3050914872	3.660617961888863	7.429220345570429	0.0	0.06114581721302868	455.4309524433569	391.55422593873584	8241.90130946981
2307755.882199024	3.6606175460525954	7.42917083340608	0.0	0.05698176677009995	455.4309524433567	391.5542259387358	8241.44729220678
2309085.9289085846	3.660617345262668	7.429122431998397	0.0	0.05311111290215858	455.4309524433569	391.5542259387358	8240.995677323213
2310329.778363637	3.660617305470909	7.429069351015781	0.0	0.04952027302507762	455.43095244335694	391.55422593873584	8240.49358118158
2311490.258459416	3.660612504085385	7.429124436600024	0.0	0.04619904071016251	455.4476568880444	391.55422593873107	8241.19842749764
2312571.0447073085	3.660610756475178	7.429092006856208	0.0	0.043124525537859226	455.44765688804466	391.5542259387313	8240.957062154022
2313576.935918796	3.6606088640824006	7.4290665078077565	0.0	0.04028049763598915	455.4476568880444	391.5542259387312	8240.786953467275
2314512.7318019215	3.660607082414351	7.429040905357466	0.0	0.03765012944647933	455.44765688804426	391.55422593873095	8240.611665341294
2315382.9364837217	3.660605455915349	7.429018750152829	0.0	0.03521620790573663	455.4476568880441	391.55422593873067	8240.463197084293
2316192.2914986173	3.660603604858812	7.429002573857544	0.0	0.032962413188915636	455.44765688804426	391.5542259387308	8240.379975271844
2316945.288648373	3.6606007854281737	7.429002904441651	0.0	0.0308743452254202	455.44765688804426	391.55422593873055	8240.490105035107
2317646.198469587	3.660598130962988	7.4290013500726895	0.0	0.02893741030609028	455.44765688804426	391.5542259387308	8240.576092777446
2318298.999423129	3.660595768393234	7.428999340795326	0.0	0.02713950309425335	455.4476568880439	391.55422593873067	8240.646688197716
2318907.3790026912	3.660593858735925	7.428992322369288	0.0	0.02546854014716957	455.4476568880437	391.55422593873055	8240.652572312638
2319474.7373444284	3.660592238955707	7.428984673242129	0.0	0.023914066759344	455.4476568880437	391.55422593873067	8240.641472000243
2320004.191319206	3.660590918042367	7.42897301388013	8.51615297148097e-28	0.02246708287330459	455.44765688804347	391.55422593873055	8240.580983393564
2320498.621737097	3.66059007031158	7.428964125981055	0.0	0.021118919647176552	455.4476568880435	391.55422593873067	8240.528831991867
2320960.674636119	3.6605892476950808	7.428951234917204	0.0	0.01986131138850552	455.44765688804375	391.55422593873107	8240.4377491328
2321392.76064055	3.660588172499792	7.4289418974043615	0.0	0.01868756111239484	455.4476568880439	391.5542259387313	8240.389965019338
2321797.092867188	3.6605872647872553	7.428931508591171	4.692763426312025e-28	0.017590874769178467	455.44765688804375	391.5542259387312	8240.325851800639
2322175.697695739	3.6605838166627658	7.428995486016195	0.0	0.01656789671168388	455.4476568880437	391.5542259387312	8241.063690092338
2322530.2909180545	3.6605825005901513	7.428999157054837	0.0	0.015609999806509057	455.44765688804347	391.55422593873095	8241.148467815734
2322862.7622040072	3.660579380066128	7.429053865745968	2.87367001768275e-33	0.014713871014133389	455.38083910927486	391.5542259387308	8241.785996835819
2323174.7531581465	3.660577194899614	7.429054842499849	8.543230300017556e-27	0.01387294207610054	455.29731688581467	391.55422593873107	8241.878203100125
2323467.6624349183	3.6605737010464554	7.42911645397867	2.144681513462651e-28	0.01308587379381995	455.24720355173827	391.55422593873107	8242.595464182723
2323742.745868296	3.66057197164808	7.429129080870082	0.0	0.012346905179200987	455.2137946623539	391.55422593873107	8242.780936370242
2324001.24636035	3.6605704207681184	7.429134071346946	0.0	0.011652665687881907	455.19709021766187	391.55422593873107	8242.88716642968
2324244.4018167164	3.660569005165861	7.4291361117986146	0.0	0.011000353351842225	455.1887379953157	391.55422593873095	8242.960266705826
2324473.128672781	3.6605673528238287	7.429144162041963	0.0	0.010387370322260598	455.18456188414297	391.5542259387312	8243.099388453527
2324747.600900059	3.660565584633372	7.429149252721462	0.0	0.009653027932785664	455.1824738285564	391.5542259387312	8243.214822982382
2325076.9675727924	3.660563258149242	7.42916015165963	0.0	0.00877377890700821	455.18142980076306	391.55422593873107	8243.40657658118
2325472.2075800723	3.6605607319333657	7.429168955785372	0.0	0.007721645250512515	455.18086879381474	391.55422593873107	8243.586035668877
2325946.4955888083	3.660557664850794	7.429183051722637	0.0	0.0064645998069323245	455.18030102470686	391.55422593873095	8243.836256907342
2326515.6411992917	3.660554156681569	7.429199098620472	0.0	0.004967697613565969	455.18008577296945	391.55422593873067	8244.121749116957
2327198.6159318713	3.660549491153608	7.42923082294483	0.0	0.003201233644646184	455.1795277521245	391.5542259387302	8244.600000603501
2327744.9957179353	3.6605453120724305	7.429277100366176	0.0	0.0018406023745710925	455.1793027521245	391.5542259387304	8245.197955555626
2328182.0995467864	3.6605405930841695	7.429355918359957	0.0	0.0008441202299275665	455.17874473127966	391.5542259387304	8246.125380684469
2328531.7826098674	3.660534620048872	7.429491165541712	3.3914266351812884e-30	0.00023066878730113613	455.17851973127966	391.5542259387304	8247.636340514216
2328811.529060332	3.6605277863707752	7.429701088262607	0.0	2.279697706297063e-05	455.1779617104349	391.5542259387302	8249.88951248519
2328923.427640518	3.660524587900044	7.429795347315075	0.0	2.5167264492529974e-06	455.17773671043506	391.55422593872976	8250.906367814165
2329012.9465046674	3.660521733508729	7.429876592239792	0.0	0.0	455.17717868959016	391.55933699082925	8251.78663494122
2329084.5615959866	3.6605201135853065	7.4299286474972845	0.0	1.0519316847240725e-08	455.17695368959016	391.56189251687977	8252.342748619638
2329170.49970557	3.660517692025932	7.430000606349707	0.0	3.758990807642057e-09	455.1763956687452	391.56317027990394	8253.118483703613
2329273.6254370683	3.660515427438376	7.430071906625666	0.0	7.508237737020002e-10	455.176170668745	391.5638091614153	8253.882066906323
2329397.3763148673	3.6605123104254393	7.430162270561128	0.0	0.0	455.17561264790027	391.56412860217137	8254.8592993775
2329545.877368226	3.6605091132728855	7.430256819144458	0.0	2.0944633330124018e-17	455.1753876479004	391.56428832254977	8255.879469120791
2329671.245285908	3.660506045160091	7.430340096412904	0.0	3.132432257606358e-17	455.17482962705594	391.56436818273886	8256.787712711026
2329787.917764332	3.6605034448827025	7.430405905089851	0.0	4.452642178104794e-17	455.1746046270558	391.56440811283386	8257.512193058888
2329901.663735701	3.6605005931596017	7.430476535046591	0.0	5.2210227555405674e-17	455.17404660621094	391.56442807788136	8258.292138812194
2330014.347755909	3.6604981811202695	7.430536956267329	0.0	8.829361353453923e-17	455.1738216062111	391.5644380604049	8258.958365023796
2330149.5685801595	3.6604945212220623	7.430618994140145	0.0	0.0	455.1732635853667	391.5644430516658	8259.877671662676
2330311.8335692594	3.660490581679982	7.430709922171865	0.0	2.2017241612707446e-16	455.1730385853658	391.5644455472965	8260.892270188602
2330446.8099405966	3.660486802490541	7.43079507933785	0.0	3.4748814819337126e-16	455.17248056452104	391.56444679511213	8261.846000816526
2330567.68656805	3.6604832670042367	7.4308722198156	0.0	5.52089457931833e-16	455.1722555645207	391.5644474190197	8262.7143067499
2330676.8869183734	3.6604789942585794	7.430973440757742	0.0	9.303235184536972e-16	455.171697543676	391.5644477309719	8263.839861248038
2330772.1863734084	3.6604743938747455	7.431100004967752	0.0	1.8769899356291625e-15	455.1714725436757	391.56444788695075	8265.219194546147
2330810.306155422	3.6604715487313615	7.431183524180523	0.0	2.9644909577226122e-15	455.17091452283074	391.5644480429271	8266.122280376814
2330848.4259374356	3.6604701296925226	7.43131287856892	0.0	8.327818203164319e-15	455.17068952283074	391.564448042927	8267.407428816015
2330856.0498938384	3.660471046333869	7.431328210547491	0.0	1.2433715913395944e-14	455.1701315019859	391.5644480429271	8267.518463350534
2330863.673850241	3.660479362830543	7.4312405204196255	0.0	2.6102527942930896e-14	455.16990650198613	391.56444804292767	8266.367243007084
2330866.815683266	3.660488925826928	7.431091604986219	0.0	4.680678816125845e-14	455.1693484811414	391.5644480429278	8264.586161276628
2330868.2903360617	3.6605014761406687	7.430813087045091	0.0	7.361959237842128e-14	455.1691234811414	391.56444804292767	8261.459004219083
2330869.7649888573	3.6605393212706474	7.429931576915218	0.0	1.846558429772779e-13	455.16856546029675	391.564448042928	8251.640652308712
2330870.3548499756	3.6605787753524934	7.428472634419629	0.0	4.122420456354554e-13	455.16834046029675	391.56444804292767	8236.295644546155
2330870.600408053	3.660604416910531	7.426675933069464	0.0	8.056247631577431e-13	455.1677824394517	391.56444804292846	8218.305732271609
2330870.7100426117	3.6606026535071265	7.424487062239312	0.0	1.379305770990413e-12	455.1675574394516	391.56444804292846	8197.68799453868
2330870.763220274	3.66056222079226	7.421704880905628	0.0	2.173367182571562e-12	455.1672866842396	391.5644480429274	8172.993616851515
2330870.7898091045	3.6604934867344663	7.418831772640419	0.0	3.1432754073423618e-12	455.1672491842395	391.5644480429272	8148.582627823444
2330870.815301161	3.6601738994780826	7.40972009018884	0.0	6.486575651776302e-12	455.16785012825346	391.5644480429272	8075.4253532331395
2330870.820399572	3.659585604785627	7.399620477901264	0.0	1.089562953430939e-11	455.167519939451	391.5644480429275	8003.725588780725
2330870.82143995	3.6594695051827753	7.397095654558449	0.0	1.3079379424105935e-11	455.167868878254	391.5644480429282	7984.76203729368
2330870.821648025	3.659447378499632	7.397006163038416	0.0	1.3078039739054734e-11	455.1675199394508	391.56444804292784	7984.752984347595
2330870.8218375295	3.659456956849649	7.398457929445248	0.0	1.114646177795917e-11	455.167868878254	391.56444804292846	7997.757134146174
2330870.8220045855	3.659533737244863	7.400019420735917	0.0	1.0080891577148934e-11	455.1675199394507	391.564448042928	8009.315411012686
2330870.8221530574	3.659629789147483	7.401542163892333	0.0	9.411580429068717e-12	454.88367149543393	391.84555590842257	8019.820805105965
2330870.822287727	3.6597279334210815	7.403093443281257	0.0	8.738175536725307e-12	453.7877636343616	391.2028411068596	8030.526427778888
2330870.822397139	3.659815944969204	7.404513659201411	0.0	8.163780451779468e-12	453.428609052383	392.5372961860047	8040.408250177143
2330870.822486488	3.659891446605743	7.405892023984203	0.0	7.554667864682712e-12	452.88969858730815	392.90615392643826	8050.378126007536
2330870.8225579676	3.659950785533793	7.407282047189718	0.0	6.954352691070693e-12	451.5655952384352	393.22120073222567	8061.068532449446
2330870.8226151504	3.6600072781423214	7.40856681082345	0.0	6.3948537308910516e-12	450.42268060836216	393.5460426619904	8070.900811026515
2330870.82266665	3.66006108289498	7.409916285466795	0.0	5.841369822508187e-12	449.420570337382	393.77970089217246	8081.4471625405695
2330870.82270785	3.6601081236456614	7.411167580230006	0.0	5.350644007573729e-12	448.243401704969	394.26891500566063	8091.344713205363
2330870.8227408095	3.660152738239258	7.412295768873506	0.0	4.94972920772972e-12	447.15755388407905	394.6086744457121	8100.196768756215
2330870.8227671776	3.6601857305987457	7.413355850446181	0.0	4.595017647772954e-12	446.5192604361933	394.7715213798326	8108.856686392512
2330870.822788272	3.660217125974474	7.414273118819392	0.0	4.3382065189531675e-12	445.69245322007146	395.00168225276707	8116.250980100311
2330870.822805147	3.6602406534073184	7.415083623357304	0.0	4.122131285506528e-12	445.036745333217	395.2273047596799	8122.947862940573
2330870.8228186476	3.6602726421467024	7.41568868167316	0.0	3.997584162608552e-12	444.04903345301955	395.6100294465174	8127.410906377059
2330870.8228294477	3.660288092321185	7.416292797651533	0.0	3.843487101303262e-12	443.4449589723497	392.9097157897031	8132.486949906789
2330870.822838088	3.6602980214296577	7.416822884608294	0.0	3.705202372433391e-12	443.75022985901023	392.4056032329042	8137.079522422923
2330870.8228450003	3.660314785389005	7.417186934695442	0.0	3.6329043626946226e-12	444.1486346510226	391.23214979624635	8139.862287502573
2330870.8228505296	3.6603261710115462	7.417511130107776	0.0	3.565408651413437e-12	444.23578569927554	391.20475775139863	8142.474064047198
2330870.822850806	3.660326138037155	7.417536971574451	0.0	3.558635909969234e-12	444.2980364480275	391.1988880275025	8142.717551606387
2330870.822850806	3.6603213080318366	7.417604031119216	0.0	3.557092027463434e-12	444.2980364480275	391.2148201352203	8143.527370074154
2330870.822850807	3.66032145438676	7.417606586268832	0.0	3.556323302550141e-12	444.2980364480272	391.2181742631604	8143.545837460248
2330870.8228508076	3.66032187683824	7.41761018192336	0.0	3.5555744019373714e-12	444.2980364480275	391.221049229967	8143.563705960931
2330870.8228508076	3.6603226254376313	7.417616950724742	0.0	3.554985180533848e-12	444.2980364480272	391.2229658745037	8143.599093429627
2330870.8228508076	3.6603227419888817	7.4176180908647185	0.0	3.5545155027219746e-12	444.29803644802735	391.22396412686675	8143.605412020571
2330870.8228508076	3.660323386074411	7.417623904989368	0.0	3.553961050456246e-12	444.29803644802706	391.22504223941945	8143.6357684648765
2330870.8228508076	3.6603234617269864	7.417624604327291	0.0	3.553795532868372e-12	444.2980364480272	391.22504223941974	8143.63948806773
2330870.8228508076	3.6603246671602	7.417635316548192	0.0	3.553712979254406e-12	444.29803644802695	391.22504223941974	8143.6947157711875
