star_age	log_Teff	log_L	center_h1	center_he4	he_core_mass	co_core_mass	radius
1e-05	4.827813535758425	6.613003929583501	0.7600000014893814	0.2399744611428216	0.0	0.0	14.91173077713297
7.441600000000001e-05	4.828030638040984	6.613911508756846	0.7600000101407982	0.2399744731586569	0.0	0.0	14.912403254371505
0.00025958682112	4.828028493238833	6.613903411016205	0.7600000300115141	0.2399745042482463	0.0	0.0	14.912411520475125
0.0007203510787293181	4.828028367443675	6.613905679976567	0.7600000655723124	0.2399745713263972	0.0	0.0	14.91245911418739
0.0018668799962237369	4.828027844406546	6.613910134156498	0.7600001245830238	0.2399747099959313	0.0	0.0	14.912571505925314
0.004719810832203447	4.828022911983177	6.613904844549526	0.7600002198594705	0.2399749803777244	0.0	0.0	14.91281942596752
0.01181881568998848	4.828009827536461	6.613889348747664	0.7600003833721644	0.23997549942025817	0.0	0.0	14.913451980080795
0.02948341145771213	4.827982481728762	6.613874017149135	0.7600006251056141	0.2399763127193859	0.0	0.0	14.915066910159256
0.07343857839845425	4.827922964692484	6.613849223043665	0.7600010731484247	0.23997789075388593	0.0	0.0	14.918729617456082
0.1828130994004416	4.827811020135557	6.613803057264959	0.7600018428168973	0.23998086177303213	0.0	0.0	14.925629236455553
0.45497190750010674	4.827651540285033	6.6137461209791555	0.7600027799974437	0.23998534040679473	0.0	0.0	14.935616053823162
1.1321901128706655	4.827491139172328	6.613677424314069	0.7600033559508644	0.23999025771376903	0.0	0.0	14.945470603722525
2.8173257176583335	4.827403811801942	6.613601935148622	0.7600032862483861	0.23999423861131597	0.0	0.0	14.950182865538064
7.010482345763583	4.827472919934004	6.613515167219766	0.7600029345135177	0.2399965133711216	0.0	0.0	14.943932753717728
17.444397846610435	4.827835552909346	6.613394063519083	0.7600027768797398	0.2399971868572272	0.0	0.0	14.916917465437812
43.40731846567767	4.828807330195238	6.613144942160258	0.7600027574140197	0.23999724176796813	0.0	0.0	14.846051800657143
108.01137310051504	4.8312284156665894	6.612489411702159	0.760002736957136	0.23999726248832548	0.0	0.0	14.670368922471
268.7669343294736	4.837156510253095	6.610994751143788	0.7600026801399239	0.23999731940289537	0.0	0.0	14.250743259532875
668.7782124467157	4.851225803296234	6.607892928045466	0.7600025002339541	0.2399974994750282	0.0	0.0	13.309079470138157
1664.1342760114112	4.882497157258738	6.601523303311518	0.7600017770697245	0.2399982228302577	0.0	0.0	11.439854425426246
3690.893037647728	4.933700025134831	6.594379342111037	0.7599985966740579	0.2400014033129085	0.0	0.0	8.962780934253548
6283.037785320414	4.983759182808209	6.593084223465	0.7599876818714858	0.24001231812489085	0.0	0.0	7.106846037154826
9632.039203046597	5.018537649074588	6.592754481994351	0.7596713048139733	0.24032869484989383	0.0	0.0	6.0527829934861135
16955.14026025692	5.009015474696835	6.5812250942863875	0.7578724355570542	0.2421275637187434	0.0	0.0	6.240720875416631
35177.359082934505	5.002587243816429	6.581512619215257	0.7536943908947256	0.24630560812219637	0.0	0.0	6.430355491556523
80520.07062377958	4.9970538540398195	6.583439222994382	0.7433726630748675	0.25662733563358453	0.0	0.0	6.6109681414575805
193347.24660509516	4.989870268224849	6.589158497269117	0.7171815458128329	0.2828184524417325	0.0	0.0	6.878470405098677
421884.46403123	4.9785967977107894	6.601787909763354	0.6612779451799937	0.33872205235043906	0.0	0.0	7.351120136686704
621474.0358606196	4.968415504947622	6.612608397611148	0.6088394495833436	0.3911605472864728	0.0	0.0	7.800570203673473
805900.2123969899	4.957403793737573	6.62336408428769	0.5572265540742734	0.4427734420911355	0.0	0.0	8.308595489839828
979281.3140876957	4.945421185435381	6.633322208157033	0.5057560596566854	0.49424393571694386	0.0	0.0	8.881204985954227
1142796.5476631504	4.932300436338717	6.642534350578598	0.45423281846901226	0.5457671759902089	0.0	0.0	9.534972909455986
1296734.2793704672	4.91723035606186	6.651636452742358	0.40268705713287856	0.597312936246391	0.0	0.0	10.327867917139894
1441665.4041056875	4.9005756053621665	6.660237825146557	0.3511979055759611	0.6488020864997481	0.0	0.0	11.26213846864002
1578376.712015184	4.8817035093726275	6.668176882964761	0.29967729355469036	0.7003226968983591	0.0	0.0	12.397513320808445
1707025.1847710626	4.8599525915917505	6.675947364670426	0.2481435773788804	0.7518564109810851	0.0	0.0	13.826799333001803
1827305.0047717832	4.821603383550934	6.690973394281482	0.20530569528404016	0.794694290643944	0.0	0.0	16.785453949702838
1964876.7633213133	4.782515825051612	6.6993298000032	0.14387841200524576	0.8561215689328886	0.0	0.0	20.290203872074375
2073591.1851630711	4.743948503698576	6.705752260518542	0.09170251928973575	0.9082974541590904	104.23821385895668	0.0	24.413625805060576
2167279.9674087917	4.702175716584094	6.7115721081018975	0.04368453583447261	0.9563154215854734	104.23821385895651	0.0	29.791185227387267
2215541.95389067	4.677665150562652	6.71511291629882	0.017653317534018678	0.9823466127097672	104.2382138589566	0.0	33.48723716147821
2234751.9056999255	4.668704548409142	6.7168063557140405	0.007035248227902794	0.9929646431495368	104.23821385895651	0.0	34.96610375379711
2242324.5926502687	4.667092891246128	6.7178807358436	0.002838356638527769	0.9971614829649015	104.23821385895668	0.0	35.27018570240739
2245398.3391375532	4.6693479648354534	6.7187559298881085	0.0011645291927699164	0.9988352422225133	104.23821385895668	0.0	34.94098921479664
2246700.661359248	4.671854728479198	6.71933240214107	0.000489881332216734	0.9995098059066168	104.23821385895664	0.0	34.56287852537571
2247289.8927519247	4.674498854978359	6.719792974287241	0.0002138984396546268	0.9997856922944404	104.23821385895656	0.0	34.16268040017271
2247583.1655442542	4.676866682305513	6.720155130426493	9.760556881325133e-05	0.9999018816558503	104.23821385895656	0.0	33.806278231708916
2247746.377160805	4.678834067080383	6.72043612486795	4.642001991715422e-05	0.9999529610808416	104.23821385895656	0.0	33.51221156836549
2247847.165361338	4.6804216098603675	6.720654955404928	2.283873145270427e-05	0.9999764363953104	104.23821385895664	0.0	33.276482961456274
2247915.2026906945	4.681698684293431	6.720827773584668	1.1532406647366768e-05	0.9999876383411341	104.23821385895668	0.0	33.0879361539727
2247964.443474309	4.682733565154778	6.720966529105606	5.938530360695767e-06	0.9999931301793579	104.2382138589566	0.0	32.9358817778323
2248001.9866917827	4.683581143509881	6.7210797099112805	3.1028233272836474e-06	0.9999958665120794	104.23821385895664	0.0	32.81185085392249
2248031.894479506	4.6842867624009035	6.721173831765944	1.639240940028484e-06	0.9999972336399117	104.23821385895664	0.0	32.70894616019366
2248057.5684990347	4.684909039638592	6.721256849515265	8.514541343216359e-07	0.9999979238708931	104.2382138589566	0.0	32.618464003014985
2248105.2761264895	4.686092314802641	6.721413791291557	1.8936280067621328e-07	0.9999983536019212	104.23821385895664	0.0	32.44706560585509
2248168.137930698	4.687659084057945	6.72162257090018	1.0285615820626192e-08	0.9999981115877656	104.2382138589566	0.0	32.221538879605696
2248242.594975953	4.689487396509957	6.721868937938621	3.3081433063776605e-11	0.9999973882485501	104.2382138589566	0.0	31.96044641646925
2248310.386176784	4.691116237861995	6.722091580438762	8.989813748234073e-15	0.9999963682878621	104.23821385895656	0.0	31.72973721953875
2248373.16629969	4.6925941648341345	6.722296602934814	2.5058102827336887e-19	0.9999949811545141	104.23821385895656	0.0	31.521954125532368
2248432.7871801443	4.693971599346644	6.7224891700583855	0.0	0.9999931012176478	104.23821385895646	0.0	31.329578151163705
2248490.394845209	4.695278237122169	6.722672111604949	0.0	0.99999056908636	104.23821385895651	0.0	31.148184782221698
2248546.7541910396	4.696532693050199	6.722848643516889	0.0	0.9999871676896717	104.2382138589564	0.0	30.975055736818277
2248602.407267178	4.697747289619042	6.723020592649818	0.0	0.9999826061204599	104.2382138589564	0.0	30.808381105397434
2248657.7593851723	4.698930321262443	6.723189132902972	0.0	0.999976503987988	104.2382138589564	0.0	30.64693765025412
2248731.54651496	4.700468041848614	6.723409007240246	0.0	0.9999650310826684	104.23821385895646	0.0	30.438383239177305
2248802.667542254	4.70190153401091	6.723616447754165	0.0	0.9999492023983972	104.23821385895646	0.0	30.245329259075813
2248871.1038442655	4.703230667381941	6.723811270927516	0.0	0.9999277971048238	104.2382138589564	0.0	30.067509825694607
2248938.0861975993	4.704478365707078	6.723996675824423	0.0	0.9998991865202992	104.2382138589564	0.0	29.901623397045416
2249007.1748040365	4.705702625897202	6.72418164127337	3.8975430451397615e-25	0.9998592823245231	104.2382138589564	0.0	29.739846985762114
2249097.462347826	4.707192682966064	6.724411757860264	0.0	0.9997858606418141	104.23821385895631	0.0	29.544297909185783
2249183.2526943223	4.7084752120374445	6.724617224763249	0.0	0.9996899346743293	104.2382138589564	0.0	29.377264208958344
2249278.573972209	4.709723872521691	6.724827019805721	0.0	0.9995412733917188	104.2382138589564	0.0	29.215876883141867
2249392.1719371774	4.710941340895422	6.725048362125635	0.0	0.9992990531069456	104.23821385895646	0.0	29.059936444277003
2249535.077114036	4.712028786016425	6.725278524306986	0.0	0.9988827266836581	104.23821385895646	0.0	28.922434818038287
2249738.031186155	4.712787724387658	6.725517477804158	0.0	0.9980804757594034	104.23821385895629	0.0	28.829456231297645
2250106.3168374356	4.712613426880123	6.725768106065572	0.0	0.9962035187455093	104.2382138589562	0.0	28.860932569706716
2250992.1248518666	4.709844860893512	6.726060748610256	0.0	0.9910139500076492	104.2382138589562	0.0	29.24110722966554
2253196.298650335	4.702008637527053	6.726569857993296	0.0	0.9777972597360517	104.2382138589562	0.0	30.333380632850783
2258680.98839654	4.682575867720474	6.727733115551324	0.0	0.9449446908917432	104.2382138589562	0.0	33.217579509157495
2268199.5353877726	4.649566406182753	6.729728044772878	0.0	0.8888232008170392	104.2382138589562	0.0	38.76005377267493
2277902.8442989676	4.618441771879969	6.731412720293066	0.0	0.8326394442241034	105.23571507710336	0.0	44.82042571508192
2287279.9100596206	4.589552939672122	6.732990839929398	0.0	0.7795290077153726	105.23571507710328	0.0	51.291181295203984
2297969.0133878947	4.558828966612517	6.734441051307774	0.0	0.7201513235594182	105.23571507710328	0.0	59.185558927824005
2308341.1690111994	4.530400461134948	6.73544310235054	3.986330746042639e-26	0.6640297972669271	105.23571507710302	0.0	67.5419802950297
2318297.6885703215	4.516104478404863	6.746611724657598	0.0	0.6114854058369161	105.21085471635617	0.0	73.07184388029161
2328932.0169199686	4.519011722393339	6.7461107085101	0.0	0.5568330982722994	105.21085471635608	0.0	72.05847559447083
2340617.4306511427	4.511947241753291	6.746185698713067	0.0	0.49873013045598086	105.2108547163562	0.0	74.44774141340156
2352393.220914404	4.499790936872326	6.746409405571584	0.0	0.44274517767903465	105.21085471635608	0.0	78.75461085719209
2364409.551317547	4.482648016214776	6.746779808518802	0.0	0.3883784265197685	105.210854716356	0.0	85.26033460245431
2377596.334250562	4.459246946789001	6.74732872065724	0.0	0.3321700671715323	105.23571507710314	0.0	95.02188196187525
2388755.7867992795	4.43625054314082	6.747797562600669	0.0	0.28718017208405777	105.23571507710314	0.0	105.6941269788474
2398819.245797627	4.412982140891676	6.748194459927846	0.0	0.24872743984738915	105.23571507710328	0.0	117.70261428728288
2408046.5316175306	4.385793302952113	6.749029553698001	0.0	0.21526301196741	105.23571507710328	0.0	133.53076337644595
2416629.834084152	4.3608540243849925	6.749532022787097	0.0	0.18568651507267905	105.23571507710324	0.0	149.86876327007386
2424708.5767706614	4.335735783725681	6.74988103380551	0.0	0.15920918342118467	105.23571507710324	0.0	168.3147244034118
2432386.9515758245	4.308055720239743	6.750234050701202	0.0	0.1352435802358194	105.23571507710314	0.0	191.27523567244356
2439750.667054835	4.27560979452215	6.7508212118894875	0.0	0.11332888720552652	105.23571507710314	0.0	222.2512323590882
2446882.985098773	4.241665778475465	6.751317398397952	0.0	0.09306520553561583	105.23571507710298	91.22046892278809	260.0041638828118
2454175.467503545	4.201850581707773	6.751720359512839	0.0	0.07328371561655675	105.23571507710312	91.22046892369468	312.47276989788736
2462403.845548579	4.145624229581462	6.752098221567713	0.0	0.05197734429597098	105.22328489672948	91.22046892369463	404.9988709396988
2468410.8365050247	4.083537921630474	6.752407835317952	0.0	0.03689782343168834	105.2232848967294	91.22046892369455	539.2389262736535
2472496.038665819	4.027038073369644	6.752668951282801	0.0	0.026751102991913217	105.22328489672974	91.22046892369491	699.6993810961933
2475617.652895635	3.9723637882476304	6.752810333455565	0.0	0.0190023053263462	105.22328489672992	91.22046892369512	900.1828841119532
2477859.875922406	3.9214836125729566	6.752905360609282	0.0	0.01342475985108999	105.2357150771038	91.22046892369545	1137.9904461798856
2479417.386445019	3.8807039780210375	6.752966060364336	0.0	0.00954674943303821	105.23571507710362	91.22046892369526	1373.1824206870083
2480495.196425876	3.85647597866807	6.753004233971624	0.0	0.006870585956737319	105.23571507710362	91.22046892369517	1535.335601562067
2481780.2379964623	3.83025544507944	6.753040981154879	0.0	0.0037196161894919896	105.2357150771034	91.22046892369492	1732.4581854065127
2483732.0701154843	3.793597630761284	6.753652912570812	0.0	2.5874479668833387e-05	105.23571507710372	91.2204689236953	2052.505623238475
2484291.164375272	3.787959689238267	6.754097725635785	0.0	1.2579762802944597e-12	105.23571507710372	91.22046892369528	2107.5730921647637
2485180.851692563	3.768091415885556	6.754052245263025	0.0	9.042417748216518e-17	105.23571507710362	91.22046892369576	2309.385590687671
2486104.6442319974	3.7361582345462567	6.753065011213945	0.0	4.840991217962049e-16	105.96333204034424	91.22046892369896	2672.2014626837417
2486319.8711117995	3.7263871002896463	6.73437051328235	0.0	2.3844888644773387e-16	98.02508740367773	91.22046892370113	2735.673206549184
2486321.665247114	3.725743679027812	6.7480744280747915	0.0	1.9924308513427345e-11	95.27162200314754	90.73329262784857	2787.4238832226433
