star_age	log_Teff	log_L	center_h1	center_he4	he_core_mass	co_core_mass	radius
1e-05	3.6950677854926584	2.393314529842125	0.76	0.23997445916978472	0.0	0.0	21.339038884517645
7.441600000000001e-05	3.6951252301738022	2.3935463615355186	0.76	0.23997445916978472	0.0	0.0	21.33908932084028
0.00025958682112	3.69511759184826	2.3935152997963063	0.76	0.23997445916978472	0.0	0.0	21.339076829799417
0.0007203510787293181	3.6951135834536286	2.393498890247032	0.76	0.23997445916978472	0.0	0.0	21.339067593132405
0.0018668799962237369	3.6951115234383134	2.3934903251464026	0.76	0.23997445916978472	0.0	0.0	21.339059607726114
0.004719810832203447	3.695110535362673	2.3934860618939737	0.76	0.23997445916978472	0.0	0.0	21.339051968466624
0.01181881568998848	3.6951101746152344	2.393484230405567	0.76	0.23997445916978472	0.0	0.0	21.339042424031415
0.02948341145771213	3.6951100974519098	2.3934831961878125	0.76	0.23997445916978472	0.0	0.0	21.339024598748207
0.07343857839845425	3.6951101362271914	2.3934816698451935	0.76	0.23997445916978472	0.0	0.0	21.33898328998636
0.1828130994004416	3.6951102788975145	2.393478112610585	0.76	0.23997445916978472	0.0	0.0	21.338881878014934
0.45497190750010674	3.6951106425545337	2.393469323993362	0.76	0.23997445916978472	0.0	0.0	21.33863023066304
1.1321901128706655	3.6951115490738577	2.3934474776428627	0.76	0.23997445916978472	0.0	0.0	21.338004458553993
2.8173257176583335	3.695113804703064	2.393393130848884	0.76	0.23997445916978472	0.0	0.0	21.33644776675962
7.010482345763583	3.6951194151523135	2.3932579480602567	0.76	0.23997445916978472	0.0	0.0	21.332576149990462
17.444397846610435	3.6951333615083137	2.392921873104489	0.76	0.23997445916978472	0.0	0.0	21.322954215599587
43.40731846567767	3.6951651779266106	2.3920762747503543	0.76	0.23997445916978472	0.0	0.0	21.29908478718764
108.01137310051504	3.695250760128476	2.3900115040951126	0.76	0.23997445916978472	0.0	0.0	21.240140864375302
268.7669343294736	3.6954604864257337	2.3849431259526876	0.76	0.23997445916978472	0.0	0.0	21.09617653341559
668.7782124467157	3.695963160969829	2.372739511061442	0.76	0.23997445916978472	0.0	0.0	20.753750647241795
1664.1342760114112	3.697179692517381	2.344897435809669	0.76	0.23997445916978472	0.0	0.0	19.986764428304653
4140.898676100714	3.699708963659648	2.286364105721183	0.76	0.23997445916978472	0.0	0.0	18.46789031043766
10303.881068130926	3.7042338837144553	2.1817317714326574	0.76	0.23997445916978472	0.0	0.0	16.03434704441892
21832.329043057416	3.7095899366591087	2.0606712810499426	0.76	0.23997445916978472	0.0	0.0	13.608458338587823
38226.017787559605	3.7148171084352817	1.9627755031990992	0.7599999999999982	0.23997445916978472	0.0	0.0	11.868796828341504
62324.74620727442	3.7204999321878502	1.8917088169759524	0.7599999999999832	0.23997445916978472	0.0	0.0	10.653877649327356
92808.06551505609	3.72720629426198	1.8802864675717517	0.7599999999998571	0.23997445916978472	0.0	0.0	10.194919622700922
130364.60860955714	3.7385871289896575	1.977225471072113	0.759999999998692	0.23997445916978463	0.0	0.0	10.816621636290654
167316.20657623917	3.75664184589321	2.0548834167092336	0.7599999999903331	0.23997445916978463	0.0	0.0	10.884567511835185
205852.37148073377	3.79151258478896	2.095235592521778	0.7599999999369115	0.23997445916978463	0.0	0.0	9.7105937965476
237538.66194595088	3.831430986223421	2.12211070004089	0.7599999997569566	0.23997445916978463	0.0	0.0	8.333866484909711
274271.9041792677	3.873483781520143	2.1447198775703957	0.7599999989842843	0.23997445916978533	0.0	0.0	7.047669612608433
325667.54410852643	3.9252858969453905	2.170273168067693	0.7599999942278612	0.23997445916985713	0.0	0.0	5.717655056258362
383707.0753291687	3.9759458568637975	2.193930883068359	0.7599999700154101	0.2399744591758395	0.0	0.0	4.652933961290273
452448.43160092464	4.027421249295643	2.2157243353211484	0.7599998451447632	0.23997445964839564	0.0	0.0	3.7642012097120774
533403.2585662259	4.078889396705575	2.2356967990617127	0.759999235276441	0.23997449203913024	0.0	0.0	3.03894448822454
629529.0004160515	4.130329641819536	2.2540179562950065	0.7599969969890593	0.23997638978978492	0.0	0.0	2.449079343849633
744919.288577476	4.180822521862347	2.2676818073998506	0.759990651461334	0.2400005650131274	0.0	0.0	1.9717371575874336
896082.4604533215	4.229690281001832	2.2682172953467568	0.7599229604438374	0.24007553654918223	0.0	0.0	1.575365196047692
1135283.7038074387	4.27051838683776	2.233390943470549	0.759476391066611	0.24052337367387744	0.0	0.0	1.2540413558623582
1645846.8246364726	4.278164522036086	2.1435353541225037	0.7582887898667516	0.24171103992859572	0.0	0.0	1.09167105110742
2916291.2494577747	4.276711451492758	2.1296871509849313	0.7548696693213989	0.2451301571904804	0.0	0.0	1.0816178189396854
6077563.520629115	4.277456066896607	2.1339372274869475	0.7460610706943378	0.25393877188733105	0.0	0.0	1.0832024679086725
13943820.538430184	4.2793854111273415	2.144551118780522	0.7235229070452851	0.27647697709008356	0.0	0.0	1.0868206910854348
31852609.909852512	4.28421245921863	2.1705682302041365	0.6672239512371871	0.3327759937911653	0.0	0.0	1.0952477193897552
47207955.530808106	4.28882254569637	2.1951734050103986	0.6114888946593958	0.38851108193321265	0.0	0.0	1.103048915519263
60013294.4841098	4.292974021646789	2.2172735866527087	0.5578217810799594	0.4421782085699139	0.0	0.0	1.110048389057908
71381163.97116452	4.296888612883195	2.2382141823270953	0.5067386310522702	0.4932613631082772	0.0	0.0	1.116819597734637
84796271.30066822	4.301818105574186	2.264825802073001	0.44743218393398304	0.5525678130358866	0.0	0.0	1.1257186229460454
97781409.63355727	4.306931306848425	2.2928372753928	0.3912567339919152	0.6087432644679162	0.0	0.0	1.1355576434182673
110356626.45029058	4.312232357954556	2.3224539647397178	0.33827388880342957	0.6617261104366302	0.0	0.0	1.1466092138403925
124810826.09158328	4.318808371676768	2.360237972567118	0.27958435224869077	0.7204156474393634	0.0	0.0	1.1618642898992
139618857.7598746	4.32613640750492	2.4041533784928992	0.22251754385531852	0.7774824560328532	0.0	0.0	1.181563414297242
155202756.48026866	4.334562763577438	2.4579657665248726	0.1666645515448182	0.8333354484230562	0.0	0.0	1.2092344656802296
172816551.7673563	4.344977554913756	2.532469807332716	0.11005182940786794	0.88994817058632	0.0	0.0	1.2558360758946951
189352607.1362799	4.355098885603054	2.6235717109873646	0.06446133230783271	0.935538667691396	0.07438440664885822	0.0	1.3311936740692607
200934056.0382499	4.360911440590123	2.7084720815269945	0.037090906069955715	0.9629090939177091	0.18969796403851943	0.0	1.42911217938917
204557809.55197775	4.363262618111867	2.7303892446500004	0.026139582669174075	0.9738604170610798	0.23916353808453272	0.0	1.449848244235203
206753646.58923897	4.363419763080224	2.7219554613521786	0.024970990988903156	0.9750290085905404	0.26581760322006637	0.0	1.4347999913316538
209377005.93202424	4.362891136950697	2.7331372528821203	0.005096705859683016	0.9949032925711436	0.2838977400994392	0.0	1.4569327755090469
210082639.4873848	4.362874694218797	2.7662843019228687	3.147228435498545e-05	0.9999685198250213	0.2953159654270088	0.0	1.5137213046629807
210288471.7082284	4.360445014241488	2.781099781474766	5.1077383438236974e-08	0.9999999382007168	0.2953159654270088	0.0	1.557087517335158
210660996.56814456	4.357677932686979	2.795486560931837	2.7372858954679954e-12	0.9999999872598008	0.3091056335569666	0.0	1.603395188251174
211587957.62757117	4.357652078453018	2.801852879412334	2.016928549275457e-19	0.99999998564164	0.320667337214343	0.0	1.6153827602085349
213573169.99067575	4.358956595102851	2.8072888985821147	0.0	0.999999980202327	0.358136915185201	0.0	1.6157881544928738
214737127.7369953	4.357135441197714	2.8190271378254255	1.947317212327657e-74	0.9999999679874021	0.36759922109728194	0.0	1.6515656718124287
215628466.41842043	4.355166893367773	2.82740039076475	4.0125360185812974e-74	0.9999999504347751	0.37948990449730935	0.0	1.6827498848545062
216394792.4366108	4.352831226858276	2.8353337488087496	1.0626829072790275e-73	0.999999921912736	0.3938072992676984	0.0	1.7165544402183006
217065836.31533507	4.350103099673587	2.842863210644754	2.905825671898336e-73	0.9999998736858741	0.4081836507727809	0.0	1.7533901675451216
217749955.37333617	4.34643550585845	2.8509236209066824	7.858223907466918e-73	0.9999997720278576	0.4226298554510872	0.0	1.7998816926813157
218316470.83161768	4.342473948463132	2.8588118066441432	4.759894075617748e-72	0.9999995710386691	0.43470700171750326	0.0	1.8497420406950984
218833111.40133944	4.337673563029442	2.8661046653537485	1.5519861299222038e-71	0.9999991210840912	0.4347070017175039	0.0	1.9070336989768228
219272590.18035507	4.332611474261513	2.873455558545851	1.1960260965484076e-70	0.999998111961332	0.44439973177281944	0.0	1.9686023155935015
219629819.9609868	4.327338820192356	2.8797724640550157	6.823973659121439e-70	0.9999958237641903	0.45411945623123245	0.0	2.0317101605670325
219949252.67413396	4.321557550867347	2.885967678836717	4.372639428265845e-69	0.9999901409494416	0.4553351963965506	0.0	2.101463729049477
220242235.76735952	4.315092837863644	2.89225370905612	3.5861603923906572e-68	0.9999743245435735	0.465078151839734	0.0	2.1806920468028284
220548948.66634053	4.306634398110734	2.899374075813749	4.7499588343669394e-67	0.9999119115246917	0.4736099188544855	0.0	2.285974610588851
220786391.1433195	4.2988209658209335	2.906010943870357	9.330981876903967e-66	0.9997099077162864	0.47910763118364075	0.0	2.3879031099603027
221036307.84661013	4.2886241534622735	2.913565135202499	3.562782972621426e-63	0.9980543447167373	0.48552693926068846	0.0	2.524570025839088
221155099.11629483	4.283874147831226	2.919324028290701	0.0	0.9944221975166925	0.4885837526307115	0.0	2.597567724053878
221227208.85592237	4.287106577777715	2.9375976808041435	0.0	0.9915875030358701	0.4904178406527245	0.0	2.613598340489418
221360664.67493868	4.318949168050755	2.951583922711172	0.0	0.9809067683034077	0.49347662281794485	0.0	2.293753720976556
221692745.4585133	4.343101745396274	2.91696532203669	0.0	0.9555660873028101	0.498688955908564	0.0	1.9721154301190489
222374212.20638093	4.348942959301661	2.915984830856492	0.0	0.8997311713424411	0.5140258812372439	0.0	1.917607226599907
223058558.25717035	4.351334713746371	2.9181203335741515	0.0	0.8410745146267872	0.5213980261808878	0.0	1.90127045795035
223686687.56714344	4.352643750987616	2.920291279039561	0.0	0.7863901609311947	0.5337074150912463	0.0	1.8945728020655987
224331980.7111715	4.353469078112396	2.922590289944349	0.0	0.7250309729672104	0.5423333490916551	0.0	1.8923878438850044
224965875.97858375	4.353879035904752	2.9249237373905297	0.0	0.663941120524856	0.5522009613861354	0.0	1.8938996236714405
225593449.5653362	4.353931945616466	2.92736025082647	0.0	0.6021554045177483	0.567018047062305	0.0	1.8987570310033437
226214942.74528393	4.353642963948789	2.929962338325993	0.0	0.5369928962311322	0.5731985605146	0.0	1.9069899405457735
226693976.5099848	4.3531812232398455	2.932177867407981	0.0	0.48485827160037714	0.5818543398808217	0.0	1.915930045636807
227230991.1947755	4.352387433748442	2.93497729995589	0.0	0.4233687117164544	0.5917534086714262	0.0	1.929154202431549
227752472.02530256	4.351300962298037	2.938156610491824	0.0	0.36196234666513744	0.6004195035399364	0.0	1.9459404308768995
228179256.80522168	4.3501371001549	2.941230169389442	0.0	0.3101169372958894	0.6004195035399364	0.0	1.9633333567597255
228578734.88794735	4.348720600602514	2.944700062065905	0.0	0.259284116691507	0.6066103324945199	0.0	1.9840928437445953
229053605.5866116	4.346448080445903	2.9497046328301177	0.0	0.20073387756663183	0.6128028503050298	0.0	2.016551493538181
229556440.800667	4.3429271287030735	2.956214276117781	0.0	0.14402125333506757	0.6214750774092258	0.0	2.064933364512974
230108180.27596927	4.336760349951658	2.9650721583285287	3.0011177507082223e-49	0.0916177118330459	0.630148460535395	0.21051701955662927	2.1461918440199463
230531412.01947865	4.33007323548649	2.973444772896693	0.0	0.05944635207657039	0.6363444464118235	0.21051701993793087	2.234750670948976
230910137.124768	4.322084162946711	2.9822864269959717	0.0	0.036652253196255	0.6425414586604635	0.21051701993959648	2.3422219599411314
231250080.05390188	4.311830447729841	2.9916048358735225	0.0	0.0198316877853308	0.6512179209032664	0.21051701994643476	2.481959459028394
231518014.2013796	4.297470795374505	3.0002128351765216	0.0	0.008556592098807152	0.6518376826057591	0.2105170199595937	2.6780457238456528
231720903.51440653	4.278548038932479	3.0120162191545514	7.057911909086946e-45	0.0022459334812514583	0.6564858953744565	0.21051702000388273	2.9618645418230174
231834665.50240853	4.289519105223522	3.024671396882744	1.0013077505327191e-99	0.0012755916530266947	0.6586550613331819	0.21051702013855575	2.857265838945615
232014368.0015148	4.2997910180571735	3.008036810453638	1.0031619010897926e-99	0.0009651554466563573	0.6617536695872932	0.21051702045212528	2.6735575067804436
232461525.324091	4.29615666881552	3.0107309860342526	1.0052619932696035e-99	0.000615488381427833	0.6710486933162165	0.2105170201030274	2.7271267055630473
232978010.57299313	4.284230819881562	3.0202542294114347	1.0002389262313683e-99	0.00024626991486797394	0.6784846321960138	0.2105170201030274	2.9128534542434887
233412318.2162246	4.271946031541805	3.0289229061987286	0.0	6.549389568089534e-05	0.6852988675483892	0.21780520663652897	3.11331132093875
233728921.1658087	4.262110005318004	3.0354405731812935	0.0	1.51315227231289e-05	0.6887054018091184	0.2434317515742244	3.282112300964885
233938417.26856184	4.254818349809615	3.0397016856611483	0.0	3.9619031700344975e-06	0.6908731963386733	0.2586688713493415	3.4108867821675277
234096729.53439283	4.248596590225566	3.0430210730862925	0.0	1.0818314216573184e-06	0.6945894155321953	0.2722992537917135	3.5234695037686294
234300657.66128343	4.239291678390539	3.047507269935862	0.0	1.43405213245651e-07	0.6983056347257194	0.2869181154045177	3.6967785794658514
234666698.50306875	4.217827439943734	3.056699508051779	0.0	1.3767770330152786e-09	0.7010923246940386	0.3140119336673117	4.124278982555216
235046209.64783177	4.1848243108731555	3.067883459593103	0.0	6.698813742587074e-13	0.7060437254175604	0.343710483458325	4.863470309218767
235459548.80580333	4.119335369679338	3.0842299330230274	4.043311552986477e-95	1.174210965998046e-19	0.708519144987963	0.38256129826107393	6.700348439968003
235689145.1100317	4.049561290614086	3.0962359333518874	1.1036673828208491e-98	8.142174071621022e-28	0.7108393541447208	0.40839415785239336	9.368035898924408
235814217.767733	3.985974675044304	3.1043711694995912	1.1037551757985666e-98	3.1254334542587464e-36	0.7108393541447208	0.4240566524781601	12.673290661867052
235894629.46029705	3.9259229797992976	3.1103154258044947	1.1037551758010913e-98	5.141076059873937e-44	0.7108393541447204	0.4355390199151226	16.82538126498637
235951737.42431936	3.867789808158859	3.1146074969578614	1.1037551758010913e-98	1.657841147287031e-45	0.7108393541447227	0.44356740110557946	22.09923769037688
235994236.58808023	3.8101146354492816	3.117364197431114	1.1037551758010913e-98	1.3557599976301442e-45	0.7108393541447204	0.4491756449180147	28.913854329786684
236018413.52663797	3.7689979642353646	3.118500864489169	1.1037551758010913e-98	1.2067809991260814e-45	0.7108393541447192	0.4524823073057376	34.9870773085575
236035899.83576855	3.7355335814107344	3.118579401467536	1.1037551758010913e-98	1.1081718684707089e-45	0.7108393541447219	0.45476455774224306	40.82025362720891
236069799.21857816	3.699054838288024	3.1153172170457486	1.1037551758010913e-98	9.363042153235113e-46	0.7108393541447183	0.45921584342656013	48.106315232612246
236120634.77901387	3.6817786190803536	3.121850187722306	1.1037551758010913e-98	7.237840221132416e-46	0.7137779316401205	0.46755256698732395	52.483285757212066
236186273.3922273	3.6731049358525376	3.17784628315164	1.1037551758010913e-98	5.2372128537977055e-46	0.7137779316401215	0.47675770590543176	58.259456760179845
236317994.37795	3.6673792818693345	3.2449790895842323	1.1037551758010913e-98	2.8828568902443743e-46	0.7122313823279799	0.4975037024294766	64.622557540694
236480562.30311507	3.661892220499986	3.3337483715753127	1.1037551758010922e-98	1.5023589838168882e-46	0.712231382327981	0.5274728696795608	73.40791781297783
236595366.0301946	3.6577521772554897	3.412999391720993	1.1037551758010966e-98	1.0627739001510932e-46	0.7122313823279781	0.5528951338410435	81.96878584996078
236679908.3008744	3.654382935356604	3.483059801824115	1.1037551758011031e-98	9.62647079212412e-47	0.7122313823279796	0.5747638637571167	90.24376191121546
236744158.7565387	3.65154106752956	3.5446401624459942	1.1037551758011083e-98	1.0683215595362027e-46	0.7130046772571293	0.593609591689889	98.15018149801631
236794271.40491417	3.649132506976724	3.598042831192234	1.1037551758011114e-98	1.399113113385878e-46	0.7130046772571301	0.609860517695672	105.5381707620695
236826943.82291487	3.647494078707701	3.635209976226456	1.1037551758011124e-98	1.9115801232331013e-46	0.7130046772571272	0.6218622681026194	110.98645798332264
236842426.53102893	3.646682508305156	3.654573176837744	1.1037551758011129e-98	2.339989837207037e-46	0.7129080153909839	0.6278250047809776	113.91337852608548
236851413.7442429	3.6461764011797166	3.6663758363886334	1.1037551758011129e-98	2.6817060298562675e-46	0.7129080153909834	0.6314649186302608	115.74127885886564
236858348.41204873	3.6457892948977273	3.6754719273410648	1.1037551758011129e-98	3.008000395781813e-46	0.7129080153909829	0.634291819659217	117.168409526505
236864072.56159425	3.645442255165986	3.683393722847871	1.1037551758011132e-98	3.3282259682105862e-46	0.7129080153909831	0.6366155480583844	118.43103152207183
236869046.6430643	3.645138013666888	3.690539580506423	1.1037551758011129e-98	3.651285693251375e-46	0.712908015390982	0.6386294460043287	119.57679909635074
236873373.71143565	3.644846282655191	3.69701490662564	1.1037551758011132e-98	3.972029763672347e-46	0.71261802979255	0.6404885641683523	120.63353345971385
236877860.01592308	3.6445354240562153	3.7040210488996896	1.1037551758011132e-98	4.349063943502411e-46	0.7126180297925492	0.6423089661252291	121.78472988284534
236881767.8532818	3.6442644262349977	3.710346868092509	1.1037551758011132e-98	4.720504093099701e-46	0.7126180297925496	0.643974459155249	122.82810241634584
236885819.4990554	3.6439367634247177	3.7172256909890975	1.1037551758011129e-98	5.154003586426222e-46	0.712618029792549	0.6456110142510164	123.99166146633507
236889354.1651072	3.6436799497339463	3.7232926463691265	1.1037551758011129e-98	5.578742697492988e-46	0.7126180297925483	0.6470635807412334	125.00851167270852
236892521.6806005	3.643441455751254	3.7288265779314504	1.1037551758011129e-98	6.001423794890126e-46	0.712618029792549	0.648409625688836	125.9457561996317
236895706.31541008	3.6431837267721976	3.7347880187425617	1.1037551758011129e-98	6.4706423773686435e-46	0.712618029792548	0.6496213082360904	126.9637428193828
236899008.14478067	3.642914821707095	3.7409873323114984	1.1037551758011129e-98	7.00995390512062e-46	0.7126180297925488	0.6511695020202483	128.0316031662858
236901877.3165518	3.642674940510139	3.746286649127174	1.1037551758011129e-98	7.527766155515056e-46	0.7126180297925482	0.6523896578720297	128.9574997620714
236904852.073844	3.6424093322482545	3.7522323010090024	1.1037551758011129e-98	8.119259556349492e-46	0.7126180297925492	0.6535613948408064	130.0021835448953
236907936.30220464	3.6421605249269087	3.7581217811438066	1.1037551758011129e-98	8.796787293650204e-46	0.71261802979255	0.6548590209054019	131.03671635554286
236910619.34370077	3.6419118351460775	3.763468643835485	1.1037551758011129e-98	9.447594353783857e-46	0.7126180297925506	0.6560210740975754	131.99692454088918
236913401.1211239	3.6416661460404223	3.7689805485114256	1.1037551758011132e-98	1.018684299421872e-45	0.7126180297925506	0.6569991355343221	132.98759833825508
236916285.2679563	3.641418192742457	3.7747942582370513	1.1037551758011132e-98	1.1030660295772977e-45	0.7126180297925503	0.6583064453755169	134.0336685339478
236918797.53094935	3.641203963087395	3.7798150052232034	1.1037551758011129e-98	1.1839407061754205e-45	0.7126180297925502	0.6594103959080821	134.9437383635803
236921402.24522063	3.6409687858775306	3.78496051212013	1.1037551758011129e-98	1.2754503324774956e-45	0.7126180297925515	0.6603981411214317	135.89261163952472
236924102.81297708	3.640728854718833	3.790521422868344	1.1037551758011129e-98	1.3795011627835182e-45	0.7126180297925507	0.6615213966264637	136.91661795032027
236926458.79513913	3.640529293198553	3.7951326615295184	1.1037551758011132e-98	1.478965174934426e-45	0.7126180297925513	0.6625670755314361	137.77198167681107
236928901.4774447	3.64029210072804	3.800072661787088	1.1037551758011132e-98	1.5910799438505258e-45	0.71261802979255	0.663612754436406	138.70920745462914
236931559.69011343	3.6400646300375223	3.8053979226870127	1.1037551758011129e-98	1.7245908193500077e-45	0.7126180297925506	0.6646777977655439	139.7085103968656
236933574.3664491	3.639902312746035	3.8091241410373247	1.1037551758011132e-98	1.835308014147436e-45	0.7126180297925502	0.6655298324288536	140.41406289733175
236935663.18287396	3.639701164856647	3.8134860220572313	1.1037551758011132e-98	1.9585587640992152e-45	0.7126180297925512	0.6663237738196665	141.25175165291466
236937828.86774328	3.6395068829603914	3.8179425710603216	1.1037551758011129e-98	2.0963320607216636e-45	0.7126180297925512	0.6672242195433924	142.10543241288616
236939712.8470381	3.6393273838601594	3.821791389685024	1.1037551758011132e-98	2.22578506141264e-45	0.7126180297925506	0.6681053008429513	142.85455345951453
236942014.75928307	3.6391319818954617	3.8263116179092935	1.1037551758011132e-98	2.3958627396259338e-45	0.7126180297925502	0.6690347932029258	143.7291992509513
236943945.75687948	3.6389445345498226	3.83044857224464	1.1037551758011132e-98	2.550479145686145e-45	0.7126180297925507	0.6697900057454058	144.5401089988918
236945870.5994792	3.638782324507331	3.8342044100145856	1.1037551758011129e-98	2.7160078229883344e-45	0.7126180297925498	0.6706226759845493	145.27494405230735
236948110.49476057	3.638569320409759	3.8389446324357386	1.1037551758011129e-98	2.923360584799654e-45	0.7126180297925502	0.6714940750720262	146.21328556244666
236950029.5470997	3.638404469005055	3.842743362113163	1.1037551758011132e-98	3.115912770727488e-45	0.7126180297925492	0.6723073808870028	146.9656716982397
236951927.6415816	3.6382447398865865	3.846392201700523	1.1037551758011132e-98	3.32034909936574e-45	0.7126180297925485	0.6731400511261459	147.69295572019843
236953802.24104023	3.6380439941587026	3.8502589309446495	1.1037551758011132e-98	3.5364134676450957e-45	0.712618029792549	0.6738952636686257	148.48912155515714
236955658.20607013	3.63788462160422	3.8538950700713586	1.1037551758011129e-98	3.766091348941762e-45	0.7126180297925494	0.674708569483604	149.22151766557693
236957309.37693495	3.637732785490584	3.857327845979584	1.1037551758011129e-98	3.9841638597829347e-45	0.7126180297925485	0.6753669599052516	149.91721745366442
236959021.3108876	3.6375904684664873	3.860655061897488	1.1037551758011129e-98	4.225057951932913e-45	0.7126180297925496	0.6761197518947106	150.59125577745365
236960948.13795635	3.6373914121911306	3.8649216191063807	1.1037551758011132e-98	4.5142949880894745e-45	0.7126180297925494	0.6769984126412498	151.47157667653124
236962837.03651476	3.6372253030971087	3.8686298063840754	1.1037551758011129e-98	4.819430494511233e-45	0.7126180297925502	0.6776810085931071	152.2360327815968
236964657.2460161	3.637072726578993	3.8721812042018247	1.1037551758011129e-98	5.134777087367743e-45	0.7126180297925506	0.6785620898926666	152.96719740224574
236966193.060122	3.6369321116711726	3.8753565285205367	1.1037551758011129e-98	5.4188471325778154e-45	0.7126180297925515	0.6792446858445235	153.62687688778792
236967929.74305257	3.6367827847600034	3.878733844726024	1.1037551758011132e-98	5.759017100552504e-45	0.7126180297925511	0.6799756928567949	154.3314774152134
236969606.12421837	3.6366221556948495	3.8821503076210018	1.1037551758011132e-98	6.109572603593882e-45	0.7126180297925527	0.6806437654905281	155.05436733317944
236971155.5976407	3.636477282427249	3.8854587310863096	1.1037551758011132e-98	6.453380637509177e-45	0.7126180297925517	0.6813697399635598	155.74996636860308
236972783.87726143	3.636338776915884	3.8885597769298705	1.1037551758011132e-98	6.837186180482176e-45	0.7126180297925525	0.6820278204457465	156.4067513146774
236974161.9714805	3.6362181132068434	3.891296239487472	1.1037551758011129e-98	7.181567162394821e-45	0.7126180297925518	0.682661706792557	156.98749304085115
236975692.5997277	3.6360895196038903	3.894239038218791	1.1037551758011132e-98	7.584275334053529e-45	0.7126180297925523	0.6832665601769204	157.61358259468196
236977282.37735313	3.635928569073759	3.897775890578467	1.1037551758011132e-98	8.026570846648983e-45	0.7127146916586962	0.683953673621556	158.3740300175123
236978811.51125887	3.6357957722923784	3.9006975003726194	1.1037551758011129e-98	8.478922062233637e-45	0.7126663607256251	0.6845827211412935	159.00484816947454
236980076.5875731	3.635690637277005	3.90311153802308	1.1037551758011129e-98	8.874452745759313e-45	0.7126663607256243	0.6852020910068798	159.52459669341164
236981509.40680087	3.635567780270057	3.9058860057900433	1.1037551758011129e-98	9.343564533966622e-45	0.7126663607256241	0.6857827502558679	160.12553847706388
236982833.96164763	3.635447995434423	3.9084698547761914	1.1037551758011129e-98	9.800880175693001e-45	0.7126663607256241	0.686344054196556	160.69120126585614
236984050.74571905	3.6353339990894304	3.911030524717032	1.1037551758011129e-98	1.0240337132891426e-44	0.7126663607256247	0.686924713445545	161.25026054938024
236985364.92484483	3.635221495885821	3.9135904255232834	1.1037551758011129e-98	1.0738559332841433e-44	0.7126663607256242	0.687553760965281	161.8100089303058
236986738.06946367	3.6350818790051993	3.9167306987854	1.1037551758011129e-98	1.1283853637459138e-44	0.7127146916586959	0.6880666766352203	162.50051894924766
236987880.9832351	3.6349705376887713	3.9191042252141983	1.1037551758011129e-98	1.1761497577731296e-44	0.7127146916586958	0.6885505593427099	163.0287497838438
236989140.95239416	3.6348612504883064	3.921437040548291	1.1037551758011132e-98	1.2311214430621826e-44	0.7127146916586949	0.6892086398248959	163.54948471612337
236990328.53519857	3.6347359824842767	3.9236627975221823	1.1037551758011129e-98	1.2853971532037432e-44	0.7127146916586948	0.6896538119157862	164.06373514350506
236991500.84019735	3.6346284028081186	3.92612963083118	1.1037551758011132e-98	1.3411284635226564e-44	0.7127630225917663	0.6902344711647735	164.61187838064836
236992700.2688394	3.6345245737437666	3.928520810873003	1.1037551758011132e-98	1.400710642805735e-44	0.7128143742081549	0.6907377091805625	165.1446157361762
236993923.0202003	3.6344157017324816	3.931001941335969	1.1037551758011132e-98	1.4643050353600416e-44	0.7129321808575182	0.6913570790461502	165.7000838042263
236995133.005892	3.6343026837720274	3.933344748893059	1.1037551758011129e-98	1.5300760876837524e-44	0.7131255045898045	0.6918216064453389	166.2341196400546
236996338.48147625	3.634192492107701	3.9358490533042976	1.1037551758011132e-98	1.5984120270338833e-44	0.7132946628555555	0.6924022656943258	166.79871605475964
236997406.67644233	3.634107128339617	3.9377458560840486	1.1037551758011132e-98	1.6617871326804732e-44	0.7135363175209155	0.6929055037101153	167.22909220624905
236998452.270252	3.6340074669940807	3.9399021088542594	1.1037551758011132e-98	1.7259596734099197e-44	0.7137779715527413	0.6933506758010063	167.7217098908258
236999503.83449927	3.6339241629404855	3.9417853060109143	1.1037551758011129e-98	1.7931324133277072e-44	0.7140558604801608	0.6938055255460459	168.15023863384783
237000498.3068474	3.6338227446404914	3.9440459607409744	1.1037551758011132e-98	1.8587197892266896e-44	0.7142733382753769	0.6942797305993866	168.66720643640903
237001561.51725143	3.6337350862642728	3.9459996217884656	1.1037551758011132e-98	1.9316438297501517e-44	0.714563308668997	0.6947442579985764	169.11526062237024
237002526.62877047	3.633611850782843	3.947948780581033	1.1037551758011132e-98	2.0002544806377152e-44	0.7148411969628832	0.6952087853977663	169.5914094637028
237003566.1278307	3.6335163152965504	3.9501446272250496	1.1037551758011132e-98	2.0766212203144345e-44	0.7151432494562368	0.6956733127969551	170.09550771386324
237004618.5514121	3.6334273611183145	3.952188350337148	1.1037551758011129e-98	2.1568998200524754e-44	0.7154694661490592	0.6961620343315194	170.566058520534
237005499.94529167	3.6333592860593007	3.9536737039684464	1.1037551758011129e-98	2.2267008667114345e-44	0.7157111081437435	0.696517688121525	170.9115609841475
237006484.6196954	3.6332724641207887	3.9556772031807896	1.1037551758011132e-98	2.3069202103724475e-44	0.7159950374874956	0.6969822155207134	171.3747499843378
237007425.08528033	3.6331921197652415	3.957505420943469	1.1037551758011132e-98	2.3862427243753365e-44	0.7162910489309836	0.6974394846792921	171.79939567136793
237008421.1864286	3.6330927881718407	3.9597297768453488	1.1037551758011132e-98	2.4728052567202927e-44	0.7165810193246043	0.6979185285597065	172.3187251417413
237009319.70191097	3.6330038969197886	3.9616469314360816	1.1037551758011132e-98	2.5535165163664015e-44	0.716870989718225	0.6983056347256986	172.77019870738957
237010239.4889936	3.632936173262612	3.96305205114914	1.1037551758011132e-98	2.639145628908565e-44	0.7171609601118457	0.6987489922564365	173.10389495827593
237011078.36517727	3.632853915404816	3.964906298767784	1.1037551758011132e-98	2.719344860886064e-44	0.7174509305054659	0.6991536391705745	173.53955498567893
237011973.2472807	3.6327731834207886	3.9667360509405487	1.1037551758011132e-98	2.8073805690803455e-44	0.7176925725001493	0.6995346968027225	173.97018267504893
237012850.4799123	3.6327050436386537	3.9682827937427	1.1037551758011132e-98	2.896477739232625e-44	0.71798254289377	0.6999701912394635	174.33495358603653
237013628.663912	3.632629994329836	3.969982394467508	1.1037551758011132e-98	2.9776110040278967e-44	0.7182604311876561	0.7003131431083974	174.73679651433594
237014476.66817805	3.632566336187724	3.9714027622455976	1.1037551758011129e-98	3.0686771222571043e-44	0.7185171758070071	0.7007250482631473	175.07408675951544
237015366.74603724	3.632471691195492	3.973427216268572	1.1037551758011129e-98	3.166698549959181e-44	0.718804125675694	0.7011457482341963	175.55911650535316
237016140.4445896	3.6323978487515327	3.9750523237541335	1.1037551758011129e-98	3.254391444878113e-44	0.7190940960693144	0.7014866242375773	175.94771262255185
237016981.47979915	3.6323221573281392	3.9765595777411904	1.1037551758011129e-98	3.3524855567714453e-44	0.7193599022634664	0.7018746426669586	176.314745694661
237017793.45851743	3.632258462508255	3.977980102011228	1.1037551758011129e-98	3.449914266457423e-44	0.7196257084576192	0.7022336503726482	176.6551434832315
237018651.05151743	3.632173737832326	3.9798685743834383	1.1037551758011129e-98	3.5553593036529036e-44	0.7199156775841725	0.7026688112280294	177.10873144241086
237019413.07171288	3.6321024941050446	3.981474222978595	1.1037551758011129e-98	3.6515479970431954e-44	0.7201814736417843	0.7030169399123344	177.49465692845376
237020096.51048267	3.632053397994365	3.982576199844451	1.1037551758011132e-98	3.740297044235044e-44	0.7204231029657924	0.7033288051920248	177.7601732195204
237020760.55834925	3.632001937135215	3.9837825691201383	1.1037551758011132e-98	3.82847868312217e-44	0.7206405693573998	0.7036769338763293	178.04942322470217
237021419.52765593	3.6319353516464297	3.985141354805667	1.1037551758011129e-98	3.9177203271003634e-44	0.7208821986814067	0.7039742937941718	178.38286505903096
237022075.50679064	3.631873013684427	3.986535361611753	1.1037551758011129e-98	4.008343941053786e-44	0.7210755021406136	0.7042498956692468	178.72068251625805
237022844.49882555	3.631796428663709	3.9882444350924513	1.1037551758011129e-98	4.1168642668952836e-44	0.721365457329422	0.7046705511627817	179.1358550697502
237023511.8639829	3.6317273763727345	3.989786531380304	1.1037551758011132e-98	4.2132203149981586e-44	0.7216070866534293	0.7049751637615475	179.51125113018747
237024158.56270444	3.631680985303265	3.9907977097907263	1.1037551758011129e-98	4.3089761619696155e-44	0.7218003901126356	0.7052725236793912	179.7587523647802
237024938.4859765	3.631583747555667	3.992473692175788	1.1037551758011132e-98	4.4269046493453317e-44	0.7220963860345443	0.7056496630873863	180.18660884846676
237025586.87687552	3.631523954362208	3.993825267474248	1.1037551758011132e-98	4.527189580717302e-44	0.7223319746254511	0.705990539090767	180.51690792404096
237026334.52145416	3.6314610892870154	3.9951191587474097	1.1037551758011129e-98	4.645603124042698e-44	0.7226189094477101	0.7063459204559936	180.8383607683616
237027100.17278865	3.6313855402187887	3.996831508939404	1.1037551758011129e-98	4.769497797208249e-44	0.7228695998713676	0.7067085545021436	181.25827179329733
237027816.85381463	3.6313295741615983	3.9981056234761128	1.1037551758011129e-98	4.888396223573226e-44	0.7231341839811558	0.7070349251436784	181.571141657395
237028454.22361815	3.6312734992784814	3.999377307045668	1.1037551758011132e-98	4.996450634290717e-44	0.7233661481322036	0.7072960216569067	181.88413367000337
237029157.52347776	3.63122547283592	4.00046671814393	1.1037551758011132e-98	5.11841944489896e-44	0.7235981122832522	0.7076586557030589	182.15268373054477
237029849.5137828	3.631140450134001	4.001922267882153	1.1037551758011132e-98	5.240860236411814e-44	0.7238687371261417	0.7080297499432189	182.52963886058055
237030475.17483273	3.6310790942967985	4.0033170285840765	1.1037551758011132e-98	5.353709804800233e-44	0.7240958686907094	0.7082890047771958	182.87464099552105
237031152.56571788	3.6310319791398986	4.004387472524541	1.1037551758011132e-98	5.478629420602763e-44	0.7243326654282377	0.7085965677370283	183.13988571897352
237031865.49168852	3.630962276280663	4.005963072323225	1.1037551758011129e-98	5.612728484123935e-44	0.7246032902711275	0.7089736083137529	183.53130153213448
237032554.7327332	3.6309019145266697	4.007252396669161	1.1037551758011129e-98	5.745245211140574e-44	0.7248739151140164	0.7092974765014524	183.85503598081849
237033220.9481277	3.6308422313313646	4.008535853492595	1.1037551758011132e-98	5.876105782994533e-44	0.7251058792650648	0.7096600155175339	184.17752176727416
237033925.53232607	3.630783313174312	4.009896478432336	1.1037551758011132e-98	6.017436535010963e-44	0.7253813366944355	0.7099887175587813	184.51631545136567
237034554.81510937	3.6307234930448145	4.0112222372153505	1.1037551758011132e-98	6.146163285032978e-44	0.7256084682590042	0.7102980841858382	184.8490799855608
237035215.00243923	3.630659901737168	4.012346455902985	1.1037551758011129e-98	6.284043512733398e-44	0.7258404324100528	0.7106356968627507	185.14269677526036
237035891.62382093	3.630602528769309	4.013653611159173	1.1037551758011129e-98	6.428197450823167e-44	0.7261110572529424	0.7109596746515067	185.47052824842353
237036547.90649068	3.6305447324932896	4.014842529432697	1.1037551758011132e-98	6.570848362104256e-44	0.7263430214039899	0.7112526809332551	185.77401213449804
237037114.0095589	3.630496519257047	4.015944462643774	1.1037551758011132e-98	6.696202005388943e-44	0.7265749855550381	0.711542666531688	186.0511478111404
237037738.38411617	3.6304456437553942	4.017092770519831	1.1037551758011129e-98	6.836989779518529e-44	0.7268069497060866	0.711819059055194	186.34092998104617
237038287.70317233	3.6304004853330656	4.018075899458523	1.1037551758011129e-98	6.963046184191657e-44	0.7270050857517735	0.7121052687994802	186.5907627097086
237038915.86267793	3.6303431989833506	4.019369600185079	1.1037551758011129e-98	7.109653110018929e-44	0.7272708780081827	0.7124126233269857	186.91818830274545
237039536.65776733	3.6302811484279176	4.020768158313575	1.1037551758011129e-98	7.257001256890137e-44	0.7274847199599309	0.712722243366979	187.272903187446
237040142.42155573	3.6302374816235647	4.021752691636717	1.1037551758011129e-98	7.403626048998986e-44	0.7277348063102792	0.7130228013570203	187.52300051068096
237040738.059776	3.630188418184946	4.022852369653599	1.1037551758011129e-98	7.550472460547738e-44	0.7279667704613265	0.7133429937886214	187.80299300981343
237041287.17090148	3.6301323183634353	4.024106817447706	1.1037551758011132e-98	7.687990327780396e-44	0.7281502943880307	0.7135725657207123	188.1230160412518
237041901.07868296	3.63008547156006	4.0251538005894405	1.1037551758011132e-98	7.844496808585255e-44	0.7284038050490422	0.7139229573830781	188.39055173854865
237042417.65414068	3.630034788698513	4.026177837952774	1.1037551758011129e-98	7.978363147607812e-44	0.7286138567395946	0.714176681477496	188.65681685005725
237042911.9388164	3.6300017377034863	4.026918646120257	1.1037551758011129e-98	8.108530524326362e-44	0.7287732062979448	0.7144002003225779	188.8465297023292
237043476.44909775	3.6299558624667014	4.027943290420726	1.1037551758011132e-98	8.259465262044427e-44	0.7289977443119838	0.7146962117660651	189.10938450878447
237043994.9574653	3.6298891011726098	4.02932759815098	1.1037551758011132e-98	8.399945744470524e-44	0.7292367686495089	0.7149257716610142	189.46925942188176
237044555.10876143	3.629849759573699	4.030185773115011	1.1037551758011132e-98	8.554235479672981e-44	0.7294250908548308	0.7152278241543681	189.69091362764047
237045129.7841111	3.6297957947175865	4.031457090394797	1.1037551758011132e-98	8.7150049095956265e-44	0.7296568720306124	0.715493630348519	190.0159759564341
237045665.8831635	3.6297433733358777	4.032627278772237	1.1037551758011132e-98	8.867301087334272e-44	0.7298886532063948	0.7157715186424052	190.31808256482543
237046224.5602916	3.62969885232305	4.033597150939182	1.1037551758011132e-98	9.028647157699197e-44	0.7300914617352054	0.716049406936292	190.56977959552697
237046793.3131807	3.629658086668937	4.034506169919802	1.1037551758011132e-98	9.195685762620899e-44	0.7303232429109872	0.7163152131304429	190.80514119882733
237047294.3072308	3.6296119782773184	4.0355332984605985	1.1037551758011129e-98	9.345030643384744e-44	0.7305260514397964	0.7165568551251272	191.07147382604344
237047837.31792668	3.6295653124518656	4.036555557958769	1.1037551758011129e-98	9.509317709656086e-44	0.7307216168068624	0.7168558870935481	191.33759680770763
237048380.968435	3.629524898553585	4.037455396729663	1.1037551758011129e-98	9.676337043471273e-44	0.7309606411443876	0.7171126317128986	191.57157161660075
237048919.34088913	3.6294683689759566	4.038638195212172	1.1037551758011129e-98	9.84411854322541e-44	0.7311634496731969	0.7173663558073156	191.88256731177157
237049468.75556195	3.629415383204489	4.03972416785041	1.1037551758011129e-98	1.0017894636433316e-43	0.73139523084898	0.7176925725001393	192.16950806022712
237049972.91380212	3.6293687564665142	4.040767509299287	1.1037551758011129e-98	1.0179658035757934e-43	0.7315980393777901	0.717934214494823	192.44179652954605
237050488.85026315	3.6293285796031336	4.041623293178759	1.1037551758011132e-98	1.0347676897232547e-43	0.7318008479065998	0.7181856731955406	192.66713893360128
237051030.2157264	3.6292768530667834	4.042606258865958	1.1037551758011132e-98	1.0526587973089096e-43	0.7320326290823821	0.7184748884579273	192.9312526929637
237051502.59853825	3.6292387904022543	4.043460098921593	1.1037551758011132e-98	1.0684886975440384e-43	0.7322281944494483	0.7187014278279433	193.15485535243113
237052008.05927303	3.6291942355466142	4.04444070527437	1.1037551758011132e-98	1.0856551390114735e-43	0.7324165166547717	0.7189853571716968	193.41272439494784
237052503.64198253	3.629157600448465	4.045234405593806	1.1037551758011132e-98	1.1027184403897824e-43	0.7326120820218371	0.719202834966911	193.62220550609544
237053044.5281626	3.6291044953075935	4.046402468270365	1.1037551758011132e-98	1.1215908894617248e-43	0.7328438631976194	0.719513949035066	193.93018170937657
237053579.08573785	3.629038615591392	4.047566372909376	1.1037551758011132e-98	1.1404956147243378e-43	0.7330756443734026	0.7197827757541517	194.24914510470813
237054065.23844185	3.6289997982677726	4.048417935708457	1.1037551758011132e-98	1.1579336663925086e-43	0.7332494802552394	0.7200364947802991	194.4744411622574
237054586.79982823	3.6289636255735545	4.049230644684762	1.1037551758011132e-98	1.1769141414908824e-43	0.733481261431021	0.7202600031720735	194.68891825214249
237055044.3107541	3.6289167257575694	4.050281171337692	1.1037551758011132e-98	1.1937713414099292e-43	0.7336550973128576	0.7204955917629811	194.96663451204392
237055536.8474116	3.6288892961810255	4.050897227884823	1.1037551758011129e-98	1.2121688042504078e-43	0.7338579058416677	0.72077950621869	195.1296126535399
237055976.98959553	3.628847463060231	4.051832983514973	1.1037551758011129e-98	1.2288070260691697e-43	0.7340607143704765	0.7209788504109965	195.3775802208706
237056471.86421385	3.628804678430176	4.052788273248458	1.1037551758011132e-98	1.2477447482819688e-43	0.7342635228992854	0.7212567241336051	195.63111969907007
237056948.7872891	3.6287475681531154	4.053834533117788	1.1037551758011132e-98	1.266214222682645e-43	0.7344373587811215	0.7214787210750365	195.91842964919803
237057418.30150253	3.6287157173394577	4.054426683875425	1.1037551758011129e-98	1.284637082432618e-43	0.7346401673099313	0.7217309216819694	196.08079908598745
237057909.14988604	3.628670406574378	4.055449450001997	1.1037551758011132e-98	1.3041342803216804e-43	0.7348429758387409	0.721981612105628	196.35278824796544
237058326.32837167	3.6286285862391394	4.056392511479585	1.1037551758011129e-98	1.3208912769098137e-43	0.7350168117205771	0.7222111599634353	196.60395229311405
237058808.13425556	3.6285991324804057	4.057057105036504	1.1037551758011132e-98	1.3404884997794245e-43	0.7352196202493866	0.722419565255392	196.78112922011692
237059303.79549605	3.6285501240432128	4.05815819122641	1.1037551758011132e-98	1.3608913651571967e-43	0.7354320710792472	0.7226861126034371	197.07521470993373
237059717.05472913	3.628520127470821	4.058833641453771	1.1037551758011132e-98	1.3781046150021304e-43	0.7356155035183197	0.7229164155528819	197.25577494041875
237060186.34120047	3.6284864253428073	4.059589908931231	1.1037551758011129e-98	1.3978870477914821e-43	0.7357989245214387	0.7231680120865054	197.45824133501833
237060661.96159053	3.6284385006054305	4.0606459467476785	1.1037551758011129e-98	1.4181644539197542e-43	0.7359968261300661	0.7234144739969928	197.7420959120691
237061116.11432964	3.628393956595204	4.061505732645631	1.1037551758011129e-98	1.4377512858427665e-43	0.7361995546071961	0.7236343566818387	197.9785385363795
237061584.03134152	3.6283663564057527	4.062126405486492	1.1037551758011132e-98	1.4581813965206112e-43	0.7364071099528294	0.7238663208328856	198.14524317665413
237061972.4412821	3.6283287153216057	4.062969459375685	1.1037551758011129e-98	1.4753188776704413e-43	0.7365615697449286	0.7240572079988509	198.37204018481313
237062413.9379337	3.628302003835107	4.063568055137317	1.1037551758011132e-98	1.4950170587236845e-43	0.736754644485053	0.7243423306011798	198.53321740381713
237062855.7427219	3.6282638388026265	4.064397495123456	1.1037551758011132e-98	1.5149423028270144e-43	0.7369477192251773	0.7245283851806654	198.75782279910973
237063296.67211717	3.6282214690782646	4.065340571440473	1.1037551758011129e-98	1.5350378608191216e-43	0.737126313359792	0.7247543085986118	199.01257014380477
237063718.04605532	3.628182149252489	4.066214548326651	1.1037551758011129e-98	1.5544416904492657e-43	0.7373097343629096	0.7249802320165583	199.24899362571617
237064153.9634112	3.628147346052893	4.066987690052664	1.1037551758011129e-98	1.5747312055009714e-43	0.7374883284975248	0.7251832006487243	199.4583921266256
237064537.79566473	3.6281251379361823	4.067482534193221	1.1037551758011132e-98	1.592787471163674e-43	0.7376669226321394	0.7254127485065321	199.59246972498687
237064956.2743366	3.6280858578489696	4.068231533009645	1.1037551758011129e-98	1.61267432476592e-43	0.7378358630297484	0.7255988030860179	199.80079487865584
237065390.7017385	3.6280543570574784	4.068997786359051	1.1037551758011129e-98	1.6335316975435338e-43	0.7380289377698724	0.7258597627559458	200.0061453555832
237065778.1724437	3.6280165653269054	4.069838682264952	1.1037551758011129e-98	1.652312873609063e-43	0.7381978781674808	0.7260627313881112	200.234713787869
237066193.1233394	3.6279841652087383	4.070559257119113	1.1037551758011129e-98	1.672626340252262e-43	0.7383619916965866	0.7262850303661984	200.43079957802664
237066630.6910723	3.6279432114222914	4.071355119258305	1.1037551758011129e-98	1.69426635929247e-43	0.7385695470422204	0.7264783338254049	200.6523717979375
237066998.21311423	3.6279150947169	4.071983544429946	1.1037551758011132e-98	1.7126191226975505e-43	0.73872400683432	0.7267006328034914	200.8235979623368
237067412.70520473	3.627886592624612	4.072619483130569	1.1037551758011129e-98	1.7335236766724456e-43	0.7389026009689341	0.7269180991950968	200.99706563408748
237067841.08429745	3.627845473364699	4.073534907958809	1.1037551758011132e-98	1.755337445542539e-43	0.7390908488405559	0.7271162352407834	201.247117273364
237068262.85558537	3.6278075517665207	4.074378973722218	1.1037551758011132e-98	1.777025396238927e-43	0.7392646161066668	0.7273898804502209	201.4779596720612
237068631.46665776	3.627786647113256	4.074804549995253	1.1037551758011129e-98	1.7961669599087057e-43	0.7394432102412816	0.7275620413435762	201.59610718269883
237069038.0829316	3.627755173926825	4.075504691525307	1.1037551758011132e-98	1.81748494483239e-43	0.7395976700333812	0.7277541366561627	201.78791770506928
237069426.68705127	3.6277276397254865	4.076100644118964	1.1037551758011132e-98	1.8380507441482516e-43	0.7397859179050027	0.7279812567847759	201.95202091544735
237069801.38279903	3.6276817875754954	4.076909769665082	1.1037551758011132e-98	1.858053252418524e-43	0.7399355508285994	0.7281430512262516	202.1829228174668
237070194.596272	3.6276583715413553	4.077433547619751	1.1037551758011132e-98	1.87923827663344e-43	0.740114144963214	0.7283675892402895	202.32669695313007
237070597.8872232	3.627620884593725	4.078268417389581	1.1037551758011132e-98	1.9011626680921e-43	0.7402927390978307	0.7285703977690995	202.55622771393791
237070958.75952503	3.6275860278054854	4.079020980046967	1.1037551758011132e-98	1.920948653477575e-43	0.7404484056070576	0.7288058005257543	202.7643478988928
237071357.773171	3.6275581902548826	4.079614397049255	1.1037551758011132e-98	1.9430270615151873e-43	0.7406161392875404	0.7290013658928203	202.9289362819412
237071746.32230937	3.627528913273148	4.080144309356403	1.1037551758011132e-98	1.964726427418005e-43	0.7407899065536525	0.7292295254877307	203.08015630483163
237072104.2357416	3.627494788782209	4.080905600213463	1.1037551758011129e-98	1.9848831544980163e-43	0.7409395394772491	0.7293961182078237	203.29017204335867
237072500.6355293	3.627471643577487	4.0814228322680535	1.1037551758011132e-98	2.0074091908216887e-43	0.7411277873488714	0.7296025483175049	203.43294670081968
237072881.3449396	3.6274369760867127	4.0821947873832825	1.1037551758011132e-98	2.0292299984016422e-43	0.7413112083519897	0.729808978427186	203.646336800116
237073242.57308504	3.627405541792376	4.082893909432687	1.1037551758011129e-98	2.0501064060344552e-43	0.7414511875385796	0.7299683279855358	203.83982227300967
237073620.6320612	3.627388031567764	4.08328519023273	1.1037551758011132e-98	2.0721492155204375e-43	0.7416346085416977	0.7301584609812947	203.94811366666633
237073957.85663357	3.6273445398456303	4.084028913544866	1.1037551758011132e-98	2.0919653118406858e-43	0.7417745877282875	0.7303667018814112	204.1637048135514
237074344.96157575	3.627317766608976	4.084628292952004	1.1037551758011132e-98	2.1149029937878628e-43	0.7419483549943992	0.7305514025058619	204.32983021077493
237074735.37165055	3.6272831606699616	4.085435320918822	1.1037551758011129e-98	2.1382295989059978e-43	0.7421221222605113	0.730808534747745	204.55236258890545
237075113.4793197	3.6272601145351744	4.085950836348458	1.1037551758011132e-98	2.1610176049978057e-43	0.7423007163951263	0.7309660735156601	204.69552577034096
237075438.0237715	3.6272359799088374	4.086489951547236	1.1037551758011129e-98	2.180732857276967e-43	0.7424310418447101	0.7311344770261896	204.84538156748383
237075803.20168537	3.6272139873748745	4.086980899302332	1.1037551758011129e-98	2.203097383418547e-43	0.7426084292621995	0.7313626366211007	204.9819573126183
237076148.9958485	3.6271885929842487	4.0875001422855926	1.1037551758011132e-98	2.2244417331158137e-43	0.7427496151659151	0.731536472502937	205.12851973163987
237076520.14839607	3.627157095596485	4.088202286991349	1.1037551758011132e-98	2.247530949657487e-43	0.7429197622806507	0.7317139299656458	205.32418761148196
237076852.09729207	3.6271215584721537	4.088992753809935	1.1037551758011132e-98	2.268329454174985e-43	0.7430681884871216	0.7318877658474826	205.54476527102105
237077216.85956985	3.6271059254119447	4.089342251666813	1.1037551758011129e-98	2.291368467563303e-43	0.7432437658289226	0.7321195470232648	205.64229209170756
237077546.86975017	3.6270759643311425	4.090008714284396	1.1037551758011129e-98	2.3123677994232524e-43	0.7433831416569502	0.7322933829051015	205.8285380383252
237077913.09611255	3.6270479179398984	4.090632314501642	1.1037551758011129e-98	2.335851463585619e-43	0.7435508753374344	0.7324708403678105	206.00297022832456
237078271.4132714	3.627025932977318	4.091105026871812	1.1037551758011132e-98	2.3590095359921837e-43	0.7437053351295343	0.7326446762496476	206.13598286192217
237078596.1808755	3.6269923945721696	4.091771006188323	1.1037551758011132e-98	2.380151136612262e-43	0.7438597949216352	0.7328438631975857	206.32596015631808
237078963.01306117	3.6269751991695065	4.092155131169481	1.1037551758011132e-98	2.4042194570384945e-43	0.7440142547137355	0.733046671726396	206.43357233921137
237079313.39944756	3.6269401634061422	4.092934165958015	1.1037551758011132e-98	2.4273776013051666e-43	0.7441880219798478	0.7332205076082333	206.65214477012927
237079641.8690276	3.6269135753497856	4.093525361398335	1.1037551758011129e-98	2.4492426024666896e-43	0.7443231742979352	0.7334088298135564	206.81816992667035
237079995.11901605	3.6268930965200568	4.0939569135323906	1.1037551758011129e-98	2.4729353132105228e-43	0.7444824609585389	0.733589908857136	206.94046689109032
237080341.60004687	3.626869938784075	4.094471117211667	1.1037551758011129e-98	2.496348582647909e-43	0.7446544181489628	0.7337999605476895	207.0850951595766
237080685.68471965	3.626846645405812	4.094987876980333	1.1037551758011132e-98	2.519771785533464e-43	0.7448058611482483	0.7339737964295268	207.23056379300337
237081033.95326567	3.6268192091196534	4.095595465926106	1.1037551758011132e-98	2.543652232402619e-43	0.7449554940718448	0.7341476323113629	207.40177820476103
237081346.02337363	3.626790602978127	4.096227961557335	1.1037551758011132e-98	2.565194288977026e-43	0.7451051269954423	0.7343214681931999	207.58020460568628
237081692.16023204	3.6267775865210066	4.096517251050544	1.1037551758011132e-98	2.5892630363002567e-43	0.7452692405245495	0.7344916824941654	207.661799624744
237081990.40923285	3.626749612976212	4.097135023682686	1.1037551758011132e-98	2.6101372272764905e-43	0.745387498802876	0.734683626280361	207.8363212821642
237082330.8858402	3.6267307835348896	4.097551332514852	1.1037551758011129e-98	2.6341329977391993e-43	0.7455588526347362	0.7348248679343528	207.95399119258144
237082671.95722044	3.6266999654969942	4.098230730009671	1.1037551758011129e-98	2.6583338028635266e-43	0.7457036586898299	0.7350457843675201	208.14625187347647
237083000.96551543	3.626683844510695	4.098587373470937	1.1037551758011129e-98	2.6818424290757736e-43	0.7458653587846843	0.7351960799736916	208.2471941464403
237083334.13877288	3.6266589076300177	4.099136887003152	1.1037551758011132e-98	2.7058126234777015e-43	0.7460234387281615	0.7353916367637922	208.40291491196868
237083671.21909532	3.626623403109467	4.099736144160912	1.1037551758011132e-98	2.7302281420586114e-43	0.7461658313490045	0.7355768885702669	208.5808470135157
237083989.94473633	3.6265993658522553	4.10026823452608	1.1037551758011132e-98	2.7534666531825428e-43	0.7463124474797869	0.7357289349281148	208.7317654699304
237084319.12357116	3.62657863021904	4.100727264048759	1.1037551758011129e-98	2.777629769835508e-43	0.7464663039133249	0.7359292499709954	208.8620481350496
237084599.2448789	3.6265601538971888	4.100976798220392	1.1037551758011129e-98	2.798322637485087e-43	0.7466014562314133	0.7360740560260896	208.939837296482
237084925.4058444	3.6265423815626705	4.101372298373485	1.1037551758011129e-98	2.822574948035031e-43	0.7467414354180033	0.7362236889496863	209.05210595953957
237085257.0896257	3.626514608786396	4.101989033104874	1.1037551758011129e-98	2.847395146512985e-43	0.7468910683416004	0.7364312442953209	209.22735259038376
237085597.31211707	3.626486211484344	4.102619205869859	1.1037551758011129e-98	2.873019477791358e-43	0.7470455281337008	0.7366194921669433	209.40658810898253
237085881.11085975	3.626466386756461	4.103059768574417	1.1037551758011129e-98	2.8945235982711137e-43	0.7471806804517888	0.7367763653932948	209.53195814721389
237086215.14802095	3.6264545123555822	4.1033244307044905	1.1037551758011132e-98	2.9200048168876413e-43	0.7473496208493983	0.7369573729621622	209.60727477874465
237086497.28861648	3.626432593339632	4.103810802264516	1.1037551758011129e-98	2.9416557596617435e-43	0.7474702925619762	0.737102179017256	209.74584933224963
237086830.9172348	3.6264150962599544	4.104199275718622	1.1037551758011129e-98	2.9674226374788308e-43	0.7476247523540761	0.737256638809356	209.85658736862695
237087112.79697293	3.626392649158267	4.104696972712753	1.1037551758011129e-98	2.9893186980325667e-43	0.7477599046721609	0.7374304060754657	209.9985755699434
237087438.81526467	3.6263755159523554	4.105077134243966	1.1037551758011132e-98	3.01480201188306e-43	0.7478998838587517	0.7376138270785844	210.1070843362912
237087763.5140736	3.626347044758989	4.105707387040655	1.1037551758011132e-98	3.040337221374364e-43	0.7480495167823479	0.7377755271734389	210.28716441367777
237088088.62787008	3.626331382001627	4.106101730392267	1.1037551758011132e-98	3.0660675335445154e-43	0.7482039765744474	0.7379613616108086	210.3978327985511
237088411.92301008	3.626316342077916	4.1064352778488145	1.1037551758011132e-98	3.091819981353255e-43	0.7483620565179248	0.7381206482714117	210.49322188490447
237088726.12792468	3.6262997124099208	4.106803707606327	1.1037551758011132e-98	3.1170062123205083e-43	0.7485032424216407	0.7382799349320144	210.59865336838988
237089004.75512025	3.626280661006272	4.107225030157008	1.1037551758011132e-98	3.1394692145643474e-43	0.7486287410027215	0.7384826634091449	210.7193189310211
237089329.7821104	3.6262655943262527	4.107558645393612	1.1037551758011132e-98	3.1658338607435256e-43	0.7487832007948216	0.7386274694642394	210.81489619802275
237089603.92433003	3.626246105356256	4.107989418160971	1.1037551758011132e-98	3.1881942554041673e-43	0.7489183531129093	0.738772275519333	210.93840569998244
237089908.19912297	3.626221208176384	4.108261719167771	1.1037551758011132e-98	3.213157380721318e-43	0.7490583322995005	0.7389267353114339	211.02873913163737
237090214.99909395	3.6261947260552576	4.108785545129446	1.1037551758011132e-98	3.238470723107176e-43	0.7491874510319594	0.7391294637885651	211.18179711525113
237090517.8407131	3.6261845339729857	4.109013142471534	1.1037551758011132e-98	3.2636041852130754e-43	0.7493382906726817	0.7392959907519228	211.24705548622603
237090799.7044212	3.6261615712889466	4.1095224012285145	1.1037551758011132e-98	3.2871243708068545e-43	0.7494782698592727	0.7394190758987524	211.39330021787896
237091097.69002703	3.626146447313352	4.10985841492993	1.1037551758011132e-98	3.312128925595816e-43	0.7495965281375995	0.7396109439217516	211.48982298279276
237091411.88114637	3.626129151904189	4.110242238490451	1.1037551758011132e-98	3.338646538390869e-43	0.7497485744954479	0.7397810910364864	211.6001524719952
237091683.37512577	3.626113258803364	4.11048380211466	1.1037551758011132e-98	3.361685805327573e-43	0.7498837268135352	0.7399355508285864	211.67450084062088
237091974.5817316	3.6260979323031184	4.110825461053907	1.1037551758011132e-98	3.386534728189058e-43	0.7500249127172518	0.7400634628439196	211.7727258874824
237092275.13277867	3.6260832364697584	4.111153188083148	1.1037551758011132e-98	3.4123232719377867e-43	0.750158254959651	0.7402444704127875	211.86698286149164
237092580.05196208	3.6260632856752495	4.111597008731136	1.1037551758011132e-98	3.4386320786065493e-43	0.7503084530357085	0.7404260813402183	211.9947441511987
237092873.4005994	3.6260569510323335	4.111739447638324	1.1037551758011132e-98	3.4640850175137523e-43	0.7504435162062243	0.7405739041881271	212.03569721481733
237093139.57184076	3.62603867855758	4.112125509290214	1.1037551758011132e-98	3.48729956951217e-43	0.7505592846380951	0.7407114699404662	212.14781268025533
237093443.922839	3.6260262369497296	4.112402871858038	1.1037551758011132e-98	3.513989731826431e-43	0.7507136425472555	0.7408611028640631	212.2277270872774
237093741.6773112	3.6260118120718072	4.112724076558953	1.1037551758011132e-98	3.5402437029425613e-43	0.7508487057177711	0.7410505574528117	212.32032729889227
237094000.92105764	3.6259950720647702	4.112968737657624	1.1037551758011132e-98	3.5632176575809476e-43	0.7509644741496414	0.7411832963366481	212.39651450879228
237094286.11727145	3.6259842261925335	4.1132112432742405	1.1037551758011132e-98	3.588624366306688e-43	0.7511001402807401	0.7413437897143771	212.46643462778945
237094573.61544207	3.625977185075502	4.113369455409952	1.1037551758011132e-98	3.614371835312732e-43	0.751238821214751	0.7414753218810872	212.51202929097704
237094869.4081188	3.625957456229453	4.1138087458929	1.1037551758011132e-98	3.641000147268642e-43	0.7513744873458498	0.7416587428842061	212.63885318833647
237095129.54946148	3.6259437858893295	4.114113604876186	1.1037551758011132e-98	3.664532433429513e-43	0.7514884468959725	0.7418083758078033	212.72689030936735
237095412.22400668	3.625935543272583	4.114298006240195	1.1037551758011132e-98	3.690234496546071e-43	0.7516403929628028	0.7419290475203818	212.78013369852013
237095709.75886944	3.6259227820547006	4.114582481418909	1.1037551758011129e-98	3.717430018838176e-43	0.7517748531727362	0.7421221222605072	212.86234265420904
237095989.7943312	3.6259199994004954	4.114646137946063	1.1037551758011129e-98	3.743160175527463e-43	0.7519099163432519	0.7422765820526072	212.88067129145224
237096247.2041639	3.625904453692891	4.114991821759222	1.1037551758011129e-98	3.766925761102695e-43	0.7520317143809491	0.7424044940679398	212.98065795662623
237096527.8474753	3.6259045246755233	4.114992110859404	1.1037551758011129e-98	3.7929673128873874e-43	0.7521643657091339	0.7425758478997998	212.9806592242425
237096818.29329765	3.6258866509798047	4.115389229693678	1.1037551758011129e-98	3.820053651243876e-43	0.7522958111161544	0.7427061733493852	213.0955957123176
237097103.19260213	3.625875490027288	4.115637883274384	1.1037551758011132e-98	3.846754534346394e-43	0.7524308742866704	0.7428654600099884	213.16756408664244
237097342.60927725	3.6258727416005314	4.115700446412424	1.1037551758011132e-98	3.8692965249092864e-43	0.7525333775857227	0.7430048358380167	213.1856170415942
237097624.11314607	3.625869058500687	4.115783497721608	1.1037551758011132e-98	3.895934059828119e-43	0.7526817058890575	0.7431532620444877	213.20961832938443
237097905.65485036	3.625859670536701	4.11599276778008	1.1037551758011132e-98	3.922705554042378e-43	0.7528131512960771	0.7432998781752704	213.27021348556667
237098182.52283153	3.6258525097763217	4.116152775019575	1.1037551758011132e-98	3.949160515085821e-43	0.752946707065137	0.7434591648358737	213.31653902835745
237098429.5679784	3.625842945709961	4.116365695295713	1.1037551758011132e-98	3.9728720426658955e-43	0.7530490596240421	0.7435840600583917	213.37823433027995
237098704.87064603	3.6258461667586728	4.116296212421715	1.1037551758011132e-98	3.999423935801973e-43	0.7531744754252352	0.7437632575515704	213.35800093202823
237098938.44330677	3.625836229311042	4.116517283775804	1.1037551758011132e-98	4.022047995675452e-43	0.7532919019987079	0.7438887561326517	213.42207799982796
237099199.20373383	3.6258437117977937	4.11635361703289	1.1037551758011132e-98	4.047422338644503e-43	0.7534173177999013	0.7440190815822366	213.37451441644163
237099441.4912808	3.625828716123292	4.116686279102969	1.1037551758011132e-98	4.0710986499452154e-43	0.7535330862317718	0.7441663010715814	213.47099195586793
237099702.05166757	3.6258216671126378	4.116843445771678	1.1037551758011132e-98	4.096670832217099e-43	0.7536574468519461	0.7443014533896692	213.51655295884285
237099976.06894076	3.6258169293886993	4.1169496728025265	1.1037551758011132e-98	4.1236862051251476e-43	0.7537768330473127	0.7444390191420083	213.54732641618733
237100248.7330781	3.625815716009776	4.116978123778749	1.1037551758011132e-98	4.150693878049908e-43	0.75390209810836	0.7446031326711147	213.5555146638557
237100517.03219584	3.625816271356584	4.1169675291077334	1.1037551758011132e-98	4.177393133362861e-43	0.7540395731212057	0.7447382849892016	213.55236366857793
237100754.45942596	3.625813254490836	4.117035639644467	1.1037551758011129e-98	4.201122099597352e-43	0.754139061617345	0.7448782641757922	213.57207724122807
237100987.837335	3.6258257496949726	4.116761289576471	1.1037551758011129e-98	4.224546674520104e-43	0.7542494034039718	0.7450254836651375	213.49234437229785
237101244.87347692	3.625816158802347	4.116974379077614	1.1037551758011129e-98	4.250457552087757e-43	0.7543856724956524	0.7451340882064579	213.5541585091394
237101502.78977793	3.6258225527485455	4.116834785868959	1.1037551758011129e-98	4.276569712828614e-43	0.7544954113216968	0.7453066487554457	213.51355337435567
237101773.8559641	3.625814879514476	4.117005691179055	1.1037551758011129e-98	4.3041337594053045e-43	0.7546310774527941	0.745411633145388	213.56311531370653
237102032.65797225	3.6258097994517295	4.117119365332994	1.1037551758011132e-98	4.330562783939535e-43	0.7547498606875782	0.7455620202671883	213.59606354483157
237102300.4919198	3.625811779681449	4.117077165888845	1.1037551758011132e-98	4.358036236466968e-43	0.7548764824099364	0.7457133124268329	213.5837387239715
237102525.33521232	3.6258291958648265	4.116694176040398	1.1037551758011132e-98	4.381197125963007e-43	0.7549753679454927	0.7458436378764174	213.472461152354
237102777.76433665	3.6258427651039105	4.116395877380972	1.1037551758011132e-98	4.407315836865497e-43	0.7550936989598395	0.7459643095889951	213.38582649095792
237103035.3264216	3.6258370594388425	4.116523281796621	1.1037551758011132e-98	4.434077752080666e-43	0.7552249936267138	0.7461211828153461	213.42273589507073
237103271.82125676	3.6258330722266754	4.116612707786833	1.1037551758011132e-98	4.4587463305946e-43	0.7553226732411045	0.7462442679621765	213.44862932864692
237103532.6296281	3.6258442177498065	4.116368004157439	1.1037551758011132e-98	4.486066160282913e-43	0.7554453757196755	0.7464014428678096	213.377551566968
237103790.12720555	3.625855469409194	4.116120926611668	1.1037551758011132e-98	4.513155714932683e-43	0.7555638574741682	0.746525433052484	213.30581023402024
237104015.02176577	3.625858117594848	4.116063773597838	1.1037551758011132e-98	4.536907392075541e-43	0.755669978536716	0.7466400711794334	213.28917405678504
237104277.14296305	3.6258687891347465	4.1158293319694526	1.1037551758011132e-98	4.564707732911543e-43	0.7557926810152872	0.7467848772345272	213.2211339007868
237104549.19792712	3.6258696929367167	4.11581084169575	1.1037551758011132e-98	4.5936851142638594e-43	0.7559310604690077	0.7469296832896213	213.21570751837925
237104815.51017195	3.6258864769157007	4.11544133437277	1.1037551758011132e-98	4.622174893433632e-43	0.7560389904133035	0.7470805229303444	213.10855004316076
237105080.78714383	3.625898616278663	4.115174366758083	1.1037551758011132e-98	4.650678261711658e-43	0.7561764654261487	0.7472386028738213	213.031149937175
237105346.07665384	3.6259141832063735	4.114831459386179	1.1037551758011132e-98	4.679308447649524e-43	0.7562898220156888	0.7473930626659216	212.93179939433793
237105602.2679653	3.625937130844804	4.1143249722005795	1.1037551758011132e-98	4.7070768786238644e-43	0.7564152378168826	0.7475161478127519	212.78518402448404
237105836.47994295	3.6259451582925935	4.114148482878745	1.1037551758011132e-98	4.732564889241268e-43	0.7565273884852572	0.7476500934137131	212.73408796756183
237106054.9345644	3.625975820197601	4.113470187652477	1.1037551758011132e-98	4.7564291007009384e-43	0.756617531092365	0.7477502509351532	212.53801212711457
237106299.1048252	3.6259833661317686	4.1133040229041855	1.1037551758011132e-98	4.783207414153188e-43	0.7567336010045267	0.7479143644642595	212.48997237301492
237106549.7277257	3.626000720588508	4.112920280568312	1.1037551758011132e-98	4.810798289956035e-43	0.7568481635152317	0.748020555571328	212.37914103605976
237106805.65359327	3.6260161339815458	4.112579426915306	1.1037551758011132e-98	4.839082927388611e-43	0.7569639319471024	0.7481750153634278	212.28074658421625
237107034.60332817	3.6260337903731688	4.112188473088252	1.1037551758011132e-98	4.864480068042777e-43	0.7570736707731458	0.7482739661677416	212.1679678224884
237107282.33318183	3.626053301677157	4.111755932908327	1.1037551758011132e-98	4.892067921881e-43	0.7571913988269104	0.7484109285615179	212.0432851052886
237107520.96655163	3.6260894281929423	4.110953091905263	1.1037551758011132e-98	4.918748184468182e-43	0.7572946558266908	0.7485539245409231	211.81214116293063
237107780.81707785	3.626106824219101	4.1105667165710225	1.1037551758011132e-98	4.947918742074504e-43	0.7574125346206004	0.748698730596017	211.7009811038012
237108045.25994495	3.6261304120745215	4.110041993768658	1.1037551758011132e-98	4.97772503791218e-43	0.7575391563429588	0.74881216200584	211.55014804916743
237108284.46918088	3.6261566573789343	4.109457340983991	1.1037551758011132e-98	5.004791120092521e-43	0.7576398507602625	0.7489720520250057	211.3822501369774
237108534.2362162	3.626191725187179	4.1086746162332	1.1037551758011132e-98	5.033165638141998e-43	0.757756222152716	0.7490945338132728	211.1577465458234
237108782.6915526	3.6262368525836783	4.107665329863705	1.1037551758011132e-98	5.061448217140189e-43	0.7578713876240039	0.7492435633783069	210.86869999928743
237109041.44419733	3.6262623791691144	4.107094202954793	1.1037551758011132e-98	5.0910119470282185e-43	0.7579925827011187	0.7493630283737598	210.70532143562824
237109297.96331432	3.6262973083868566	4.106311399508461	1.1037551758011132e-98	5.120438638575244e-43	0.7580987037636663	0.7495011974846612	210.4816520591467
237109537.00581583	3.626339142386121	4.10537221606274	1.1037551758011132e-98	5.147968166953736e-43	0.7582084425897108	0.749629712858558	210.21368439796484
237109767.14426017	3.6263765836127666	4.104530446525558	1.1037551758011132e-98	5.1745738362268446e-43	0.7583157695734228	0.7497330380124526	209.9738526778025
237110016.81187788	3.626417401364233	4.103611375997858	1.1037551758011132e-98	5.203550305413639e-43	0.7584170669513094	0.7498764865107796	209.71236894448424
237110260.68918365	3.626454991915909	4.102763854209704	1.1037551758011132e-98	5.231963621854733e-43	0.7585255998561878	0.749999571657609	209.47157788975733
237110513.7532796	3.6265077864947144	4.101570938064212	1.1037551758011132e-98	5.261564920667967e-43	0.7586413682880584	0.7501311038243187	209.1332357069184
237110764.33596072	3.626556199718205	4.100475092052605	1.1037551758011132e-98	5.290991425129352e-43	0.7587619604045901	0.7502602034537261	208.8229888481574
237110989.1230538	3.626603087560752	4.099435539315818	1.1037551758011132e-98	5.3174847224683186e-43	0.7588478822876192	0.7503735727786338	208.52818125156057
237111234.64964947	3.626695470906301	4.098046378101942	1.1037551758011132e-98	5.3465353847359585e-43	0.758964555160364	0.7505206951608032	208.10638639642224
237111444.07600483	3.626724092856724	4.097056521830304	1.1037551758011132e-98	5.371399878797987e-43	0.759058617011259	0.7506219925386901	207.84196326187927
237111684.38476616	3.6267856660597726	4.095665114907377	1.1037551758011132e-98	5.40003643794861e-43	0.7591587084679805	0.7507377609705604	207.45045237126567
237111928.14560917	3.6268398988070296	4.09443676462381	1.1037551758011132e-98	5.4291915076696484e-43	0.7592618147276149	0.7508800596680678	207.10555396757317
237112145.14478028	3.6268938879170607	4.09321123520208	1.1037551758011132e-98	5.455233573801945e-43	0.7593600973025878	0.7510006517845996	206.76213244912057
237112395.26542553	3.6269598420965488	4.091710330971532	1.1037551758011132e-98	5.485361646063812e-43	0.7594686302074672	0.7511320971916201	206.34247819381088
237112614.70306805	3.627032463881127	4.090107912243128	1.1037551758011132e-98	5.511886556426019e-43	0.759553496909476	0.7512403286162066	205.89328805665193
237112867.10466996	3.6271050656840833	4.08843886129634	1.1037551758011132e-98	5.5425128371295374e-43	0.7596651953574136	0.7513738843852664	205.429334931979
237113103.14818996	3.6271962192246505	4.086853802870611	1.1037551758011132e-98	5.5712559000906726e-43	0.7597628749718052	0.7515044253514126	204.96873643987965
237113351.53994343	3.6272785229321904	4.084991922696763	1.1037551758011132e-98	5.601614616732235e-43	0.7598727645379939	0.7516060242095901	204.45233568685265
237113578.53609985	3.6273559053208135	4.083236541651926	1.1037551758011132e-98	5.629456280804457e-43	0.7599606460429158	0.7517386755377748	203.96686512788725
237113830.07974932	3.627446996453832	4.08116454120575	1.1037551758011132e-98	5.660424293782602e-43	0.7600733996718732	0.7518544439696451	203.39554606747913
237114084.165356	3.6275518057875047	4.078856151618976	1.1037551758011132e-98	5.6918260536801576e-43	0.7601764317558521	0.751967800559184	202.75782557683337
237114334.5026631	3.627645557658079	4.076679262737995	1.1037551758011132e-98	5.722880680862044e-43	0.7602817834380805	0.7521004518873701	202.16300150823588
237114553.56404233	3.6277407067423906	4.074458858674697	1.1037551758011132e-98	5.750148717919752e-43	0.7603714828703761	0.7522041611075873	201.55852740282987
237114796.6323999	3.627887337443312	4.071923560941702	1.1037551758011132e-98	5.780516625554508e-43	0.7604703629492665	0.7523151058547964	200.83540039586336
237115043.86357695	3.6280022227022606	4.069476904687291	1.1037551758011129e-98	5.811517391338642e-43	0.7605611158983843	0.7524363009319106	200.1645515047608
237115290.34319785	3.6281158926587183	4.066879436652902	1.1037551758011129e-98	5.8425337375706656e-43	0.7606592434652589	0.752579202590001	199.46242459791992
237115521.99912643	3.6282518695740618	4.064311066519162	1.1037551758011129e-98	5.871784233210505e-43	0.7607537589744565	0.7527058243123593	198.749001273334
237115768.3749543	3.6283770110705458	4.061462817715921	1.1037551758011132e-98	5.903003050284226e-43	0.760854256954181	0.7527890328727662	197.98420662156153
237116002.47445363	3.62852801852018	4.058165337888833	1.1037551758011132e-98	5.932771836716368e-43	0.7609476060697538	0.7529298241688168	197.0968996147487
237116229.68070933	3.628649312561236	4.055479720540323	1.1037551758011132e-98	5.961762505088297e-43	0.7610240612905704	0.7530148416109719	196.37870690964976
237116491.3729933	3.628810935416468	4.052180704972625	1.1037551758011132e-98	5.995272902175532e-43	0.7611288109631849	0.7531586477099356	195.48869277753167
237116744.7398008	3.628979123532007	4.048522397538534	1.1037551758011132e-98	6.02783455773619e-43	0.7612251325012209	0.753277129464428	194.51635040819932
237116978.2521772	3.6291304859732954	4.045013868937488	1.1037551758011132e-98	6.057947531436982e-43	0.761306403798939	0.7533980230612513	193.59722299224015
237117236.28861535	3.6292937834536767	4.041240000935932	1.1037551758011132e-98	6.091342475641781e-43	0.7613985112696867	0.7534976622975361	192.61299950139727
237117492.6938409	3.6294792483342935	4.037202573909241	1.1037551758011132e-98	6.1246464209893305e-43	0.761499648884626	0.7536171992330489	191.556084447392
237117755.45509616	3.6297037704497352	4.032737558131001	1.1037551758011132e-98	6.15890278925496e-43	0.7615932613794042	0.7537441224356985	190.37696501652368
237118005.0955504	3.6299066723961504	4.028048363034824	1.1037551758011132e-98	6.191569025171999e-43	0.7616886799030218	0.7538553686631995	189.17511105409596
237118246.34499225	3.630095338079125	4.0238660945487315	1.1037551758011132e-98	6.223247962985384e-43	0.7617597170373246	0.7539756592994407	188.10291768007025
237118503.8937865	3.630323364551717	4.019210830975655	1.1037551758011132e-98	6.257186289678613e-43	0.7618593496282313	0.7540567574978093	186.90109562642033
237118761.4578746	3.6305400331462447	4.0141153824326805	1.1037551758011132e-98	6.291248253149332e-43	0.7619418249451764	0.7541975487938612	185.62257191217785
237119036.0545264	3.630766535345508	4.008975021502234	1.1037551758011132e-98	6.3276950844179104e-43	0.7620405545216627	0.7543084935410704	184.33491411065893
237119301.7932877	3.6310849867801194	4.0034953742726955	1.1037551758011132e-98	6.363092463167799e-43	0.7621185147665106	0.7544158205247828	182.9072307288096
237119570.76192796	3.6313458866793487	3.9975502004435866	1.1037551758011132e-98	6.3990523945925746e-43	0.7622116757540787	0.7545183238238339	181.4414415653779
237119842.3705483	3.631633103915203	3.991546329238131	1.1037551758011132e-98	6.4355022521727354e-43	0.7623023534519968	0.7546359011374532	179.95342532647192
237120100.91241112	3.6319148228400695	3.9852074042393353	1.1037551758011132e-98	6.470326859592113e-43	0.7623852050249481	0.7547546843722369	178.41329635835783
237120393.26749036	3.632197264173491	3.978692417397516	1.1037551758011132e-98	6.509861629168557e-43	0.7624661000666586	0.7548761809296424	176.84990921838252
237120635.10047987	3.63246024473258	3.972773560010455	1.1037551758011132e-98	6.54267717303491e-43	0.7625493278956178	0.7549452199163564	175.43629678007167
237120911.27985623	3.632812734849753	3.965718420120264	1.1037551758011132e-98	6.5802806962069935e-43	0.7626278148988759	0.7550664149934706	173.73483303565064
237121157.4381705	3.6330882264239337	3.9594669098093087	1.1037551758011132e-98	6.613908746002469e-43	0.7627000560524035	0.7551739680874036	172.27020198429153
237121431.36645567	3.6333861982983273	3.9527419932138255	1.1037551758011132e-98	6.651468533402456e-43	0.7627744042395739	0.7552819734017707	170.70716931148854
237121713.97884843	3.633708157585045	3.945539299731012	1.1037551758011132e-98	6.6903652132315185e-43	0.7628589865901623	0.7553894511256294	169.04662150464037
237122008.78136563	3.6341133632958376	3.9379634087508264	1.1037551758011132e-98	6.73109935272567e-43	0.7629420639167184	0.7554618063955486	167.26617999310736
237122291.96017948	3.6344977474017255	3.930104233742248	1.1037551758011132e-98	6.7703846999909095e-43	0.7630173151183092	0.7555722989223207	165.46638656448826
237122570.7766644	3.6348241219207167	3.9226006957086095	1.1037551758011132e-98	6.809222415146994e-43	0.7630996399328499	0.7556699785367113	163.7967441512398
237122878.26456037	3.635196192537088	3.914480993183292	1.1037551758011132e-98	6.852240816982907e-43	0.7631756436464568	0.7557914750941171	161.99487399702517
237123177.16907275	3.635542173139036	3.906368623848985	1.1037551758011132e-98	6.89424347363723e-43	0.7632566139393677	0.7558846325041368	160.23342892924933
237123485.88417473	3.635946213387844	3.8976197198321096	1.1037551758011132e-98	6.937830344810967e-43	0.763333219662587	0.7559946728104718	158.33269135268
237123780.81545156	3.6362868472636625	3.889574535403144	1.1037551758011129e-98	6.979669520683434e-43	0.7634118571682479	0.7560661236395145	156.62703765593633
237124098.64624017	3.6366864088311903	3.8811453970902177	1.1037551758011132e-98	7.024982565018778e-43	0.7634892906546851	0.7561595825298271	154.82926129948368
237124383.055248	3.637041375694408	3.873871324760448	1.1037551758011132e-98	7.06572194563845e-43	0.7635505451327802	0.7562560562230526	153.28726372516542
237124696.44062573	3.637450938836883	3.8653560893985968	1.1037551758011132e-98	7.11083776959782e-43	0.7636235387983226	0.7563404707046246	151.50582404118575
237125025.69551712	3.6378229708580334	3.857121358030799	1.1037551758011132e-98	7.158497554539757e-43	0.7637039070816213	0.756429708870859	149.81934642496242
237125347.478766	3.638182627925128	3.848816459091101	1.1037551758011132e-98	7.20533663583541e-43	0.7637830713456947	0.7565373373348632	148.14811655696235
237125684.679276	3.6385860771173815	3.8404604705470384	1.1037551758011132e-98	7.25471426349449e-43	0.763859526566512	0.7566286858631371	146.4573736593483
237125976.73001033	3.6389190247795034	3.8332900423980583	1.1037551758011132e-98	7.297727294454863e-43	0.7639245436046868	0.7567034529753869	145.0307632417714
237126298.50922465	3.639280909318954	3.825335064811537	1.1037551758011132e-98	7.345414131578213e-43	0.7639924954397235	0.7567806319299664	143.46926540689867
237126633.4770493	3.639635090739728	3.817377268587308	1.1037551758011132e-98	7.395392566077931e-43	0.7640693269165482	0.7568505753575555	141.92915387278083
237126990.41556424	3.63997708503534	3.809399215420404	1.1037551758011132e-98	7.449039333882241e-43	0.7641469861565909	0.7569265483909712	140.4101807787089
237127301.9432965	3.6403518681688127	3.802823745670816	1.1037551758011132e-98	7.496189048225493e-43	0.764208090132282	0.7570194043207004	139.11094388337156
237127656.61603364	3.640706613139233	3.7948046230515184	1.1037551758011132e-98	7.550276670706129e-43	0.7642833413338735	0.7571038188022734	137.60754476599854
237128005.58543864	3.6410273369713817	3.7877539782163487	1.1037551758011132e-98	7.603914269579297e-43	0.7643561844970129	0.7571638133802476	136.293604104286
237128357.31374297	3.6413762210599288	3.7804745106753086	1.1037551758011129e-98	7.658413818558736e-43	0.7644251145976706	0.7572620959552213	134.93915122239787
237128669.6039522	3.641650016112792	3.7744689952418655	1.1037551758011129e-98	7.70717631506327e-43	0.7644911851526665	0.7573368630674701	133.84052338139918
237129042.83585015	3.6419777289111006	3.7672818414401936	1.1037551758011129e-98	7.765949051090112e-43	0.7645620717845651	0.7574046961330193	132.53745402392428
237129427.28354767	3.642284949189744	3.7606646604994576	1.1037551758011129e-98	7.827039052499821e-43	0.7646367209765427	0.7574716247576939	131.34561934900836
237129780.85305175	3.6425504497747863	3.7543938047491294	1.1037551758011129e-98	7.883723587581907e-43	0.764706253086814	0.7575644806874247	130.24143231951598
237130146.61153704	3.6428842686703606	3.748166466591148	1.1037551758011132e-98	7.942894109867513e-43	0.7647821062980165	0.757643770004043	129.1123710901507
237130533.8357745	3.643149284755681	3.7419163595122376	1.1037551758011132e-98	8.006136563425546e-43	0.7648531434323168	0.7577168789746893	128.03030235268332
237130933.75035012	3.6434588442937734	3.7355244912676087	1.1037551758011132e-98	8.072119008278614e-43	0.7649295986531315	0.7577920229373011	126.910547565319
237131329.18788755	3.6437179882749406	3.7295191280898066	1.1037551758011132e-98	8.138047854486332e-43	0.7649992060146035	0.7578489273422904	125.88580121409268
237131709.3519677	3.6439856574527503	3.7238208379631943	1.1037551758011132e-98	8.202095444182824e-43	0.765074682969798	0.7579395221698336	124.90857820265668
237132101.80260637	3.644246057978772	3.717667543464195	1.1037551758011132e-98	8.268956526609868e-43	0.7651439140752623	0.7579986123069348	123.87818014207257
237132504.57852933	3.6446059762270706	3.710664236759372	1.1037551758011132e-98	8.338492738422826e-43	0.7652102197902626	0.7580981008030712	122.67987556135718
237132857.26257887	3.6449995098036574	3.703070002358244	1.1037551758011132e-98	8.400422232995757e-43	0.7652417406374622	0.7581684964510983	121.39174164874132
237133200.1949997	3.6454949911242416	3.6917355172920288	1.1037551758011132e-98	8.462223226554886e-43	0.7652417406374922	0.7582765771355403	119.54486812383811
237133819.395119	3.6460704561439	3.6798736497843794	1.1037551758011132e-98	8.577074637982564e-43	0.7652417406375315	0.758532458532804	117.61130624387712
237134241.43028185	3.646337155674785	3.6738455633988383	1.1037551758011132e-98	8.656242329643488e-43	0.7652417406375607	0.758672722238344	116.65453616946844
237134595.38098583	3.6468390435192446	3.6619602567263727	1.1037551758011132e-98	8.72313899120593e-43	0.7652417406376116	0.758788490670214	114.80351946731972
237135032.84723443	3.6475717211544576	3.6468398181888544	1.1037551758011132e-98	8.806117198476068e-43	0.7652417406378456	0.7589368943436184	112.44227596249848
237135350.2591614	3.647954702140976	3.638686633964883	1.1037551758011132e-98	8.86638742354459e-43	0.7652417406370403	0.7589368943436176	111.19546454941243
237135577.29822913	3.647857282037008	3.640858345635252	1.1037551758011132e-98	8.909526786534661e-43	0.7652417406370416	0.7589827947179739	111.52385410455322
237135951.50190204	3.6462442952854617	3.6782887192647737	1.1037551758011129e-98	8.980551485339363e-43	0.7652569777351432	0.7589827947179724	117.3029488637652
237136244.97348535	3.644780722213001	3.710342955584085	1.1037551758011132e-98	9.03613943460048e-43	0.7652778728175555	0.7590234945573056	122.53585748104804
237136445.66257405	3.644230749699517	3.722852295296964	1.1037551758011132e-98	9.074119987962455e-43	0.7652921981380127	0.7590234945573047	124.6286265899932
237136656.84452668	3.6440487921807385	3.726949824596891	1.1037551758011132e-98	9.114122971453166e-43	0.7653071539201203	0.7590234945573047	125.3229152374313
237136834.67062795	3.6439805470559254	3.728464129081084	1.1037551758011132e-98	9.147851967851877e-43	0.7653211288913164	0.7590234945573047	125.58105617684843
237137024.29170787	3.6438993615965503	3.730294113270916	1.1037551758011132e-98	9.18387629368712e-43	0.7653351038625127	0.7590234945573041	125.89297434727555
