star_age	log_Teff	log_L	center_h1	center_he4	he_core_mass	co_core_mass	radius
1e-05	3.703099127978324	0.7351821355279944	0.76	0.23997445916978472	0.0	0.0	3.048217644643289
7.441600000000001e-05	3.703099791575565	0.7351847998344373	0.76	0.23997445916978472	0.0	0.0	3.048217679447586
0.00025958682112	3.703099672545503	0.7351843182274536	0.76	0.23997445916978472	0.0	0.0	3.0482176601924977
0.0007203510787293181	3.703099595072117	0.7351840041756799	0.76	0.23997445916978472	0.0	0.0	3.048217645599648
0.0018668799962237369	3.7030995747291873	0.7351839207043158	0.76	0.23997445916978472	0.0	0.0	3.0482176382311748
0.004719810832203447	3.703099575730068	0.735183922218555	0.76	0.23997445916978472	0.0	0.0	3.0482176294953
0.01181881568998848	3.7030995777544615	0.735183923263109	0.76	0.23997445916978472	0.0	0.0	3.0482176047435003
0.02948341145771213	3.7030995783539127	0.7351839070985382	0.76	0.23997445916978472	0.0	0.0	3.0482175396008846
0.07343857839845425	3.703099578734157	0.7351838620506072	0.76	0.23997445916978472	0.0	0.0	3.0482173761724254
0.1828130994004416	3.70309957954064	0.7351837493243171	0.76	0.23997445916978472	0.0	0.0	3.0482169692508805
0.45497190750010674	3.703099581545141	0.7351834688259062	0.76	0.23997445916978472	0.0	0.0	3.048215956734586
1.1321901128706655	3.703099586537234	0.7351827708899256	0.76	0.23997445916978472	0.0	0.0	3.0482134373304857
2.8173257176583335	3.703099598960137	0.7351810342166069	0.76	0.23997445916978472	0.0	0.0	3.048207168293904
7.010482345763583	3.703099629871296	0.7351767128624868	0.76	0.23997445916978472	0.0	0.0	3.0481915691521126
17.444397846610435	3.7030997067838625	0.7351659602457553	0.7599999999999997	0.23997445916978472	0.0	0.0	3.0481527549380547
43.40731846567767	3.7030998981243743	0.7351392060667244	0.759999999999999	0.23997445916978472	0.0	0.0	3.0480561817145704
108.01137310051504	3.703100374083783	0.7350726445147248	0.7599999999999976	0.23997445916978472	0.0	0.0	3.047815932139336
268.7669343294736	3.703101557189087	0.7349070875890139	0.7599999999999932	0.23997445916978463	0.0	0.0	3.0472184576918853
668.7782124467157	3.703104493654693	0.7344955589783557	0.7599999999999835	0.23997445916978472	0.0	0.0	3.045733871056046
1664.1342760114112	3.70311175383117	0.7334741896706749	0.7599999999999579	0.23997445916978463	0.0	0.0	3.0420528023518147
4140.898676100714	3.703129527934044	0.7309488548117947	0.7599999999998933	0.23997445916978463	0.0	0.0	3.0329729178149205
10303.881068130926	3.703171926211706	0.7247620863552741	0.7599999999997236	0.23997445916978472	0.0	0.0	3.0108585414175333
25639.353413867542	3.703266120193936	0.7099321486375437	0.7599999999992377	0.23997445916978472	0.0	0.0	2.9586050540127897
63798.91596121088	3.7035090098560457	0.6763604890328736	0.7599999999975745	0.23997445916978472	0.0	0.0	2.84325221185034
158752.11863901626	3.7038541734913646	0.6070104768983102	0.7599999999894748	0.23997445916978463	0.0	0.0	2.620897595123344
395026.0719262528	3.70428872234808	0.48702147183182753	0.7599999999219058	0.23997445916978472	0.0	0.0	2.2781716970541384
839358.6563827245	3.7050836900324904	0.35385772438614066	0.7599999993440794	0.23997445916978472	0.0	0.0	1.9472183025934064
1484897.052638157	3.707671172616215	0.2520547912992264	0.7599999955531463	0.23997445916978472	0.0	0.0	1.7113475257229551
2449202.3993221354	3.714997375352052	0.1926191672511305	0.7599999681133884	0.2399744591697856	0.0	0.0	1.545140563069791
3660847.2617741167	3.7305147489855153	0.20857610812928265	0.7599997958399464	0.2399744591698907	0.0	0.0	1.465249955817417
5066258.844818267	3.755267714736683	0.29085358229797675	0.7599987452651911	0.23997445918491409	0.0	0.0	1.437290392412756
6562219.143213243	3.7829437856086576	0.3568109343915032	0.7599930387604917	0.23997446142044457	0.0	0.0	1.3651207148179705
8185978.693928193	3.813539657943832	0.3926357245472064	0.7599650160066398	0.23997496864355544	0.0	0.0	1.2356392843300048
9975488.133376516	3.8464799299785466	0.40333469229047464	0.7598761311645883	0.240039848251148	0.0	0.0	1.0748816456084311
12433376.06987304	3.8641963819872873	0.32964967679023566	0.759645660960334	0.24031792693156392	0.0	0.0	0.9100918710984621
18278799.137737554	3.856773659409353	0.23422698350394705	0.7590004861710123	0.24096350975386513	0.0	0.0	0.8437607786772208
32824082.265966177	3.856142522067085	0.23667331826394225	0.7572659481260496	0.24269741368437503	0.0	0.0	0.848603416396456
69017401.1796	3.8562908752417857	0.2412861830883677	0.7528677885891027	0.2470965902010232	0.0	0.0	0.8525394842784112
159077960.49877328	3.85696371348068	0.24800261276713048	0.7418974163299727	0.25806828063544446	0.0	0.0	0.8564993550733319
383177451.46385854	3.858812992965425	0.26194544625622956	0.7135529222650941	0.28641772846739005	0.0	0.0	0.8629783452074019
825226542.7599325	3.8627354476025846	0.2891012759285705	0.6526309580567402	0.34734760012100907	0.0	0.0	0.8744458150310198
1171905213.2683167	3.8660235917685535	0.31138809517868543	0.5984083930615512	0.40157624387154256	0.0	0.0	0.8836901718413197
1474685525.426816	3.869030664121917	0.33177975930366144	0.5458455425055168	0.4541433749886152	0.0	0.0	0.8922400474171231
1745914050.8962471	3.8718669381977575	0.35090972099530976	0.49273988354760034	0.5072524381729375	0.0	0.0	0.9002728331486544
1994975961.8907397	3.874555049484925	0.3693268387062856	0.4420889012526054	0.5579054558449279	0.0	0.0	0.9082522475747796
2239663293.759652	3.8772765757135215	0.3883710359146991	0.39195292890750094	0.6080431203775887	0.0	0.0	0.9168230583699469
2532851182.405025	3.880683139538908	0.4127431284060746	0.332753526247032	0.6672441009028842	0.0	0.0	0.9282360817164845
2830240231.6819396	3.884394071396126	0.43963410279537296	0.2760654947404894	0.7239332197813398	0.0	0.0	0.9412003271724181
3162448801.660325	3.8889895664915968	0.47296049417871067	0.2195466987212072	0.7804527181930461	0.0	0.0	0.9575341569399909
3542239480.4531145	3.894918446751805	0.5165014412643546	0.16506344755751512	0.8349363447970798	0.0	0.0	0.9796410790368333
4015235019.3416486	3.9034585024508575	0.5817050649120082	0.11137325629469769	0.8886266967814166	0.0	0.0	1.015286679768096
4616304579.287443	3.916324991021624	0.6920511285982532	0.06082461765154993	0.9391753781856697	0.02026794135647919	0.0	1.0864975294256085
5100170849.705941	3.927496532991408	0.8222914777504741	0.030575463454569234	0.9694245363115125	0.059517947300243734	0.0	1.198963145709536
5404448887.07598	3.9318938110756294	0.9465501475002965	0.015540163614904198	0.9844598363710008	0.10340136136067948	0.0	1.3556282559959436
5581035302.971573	3.9279842188733	1.0546034817743022	0.008246607642805518	0.9917533923559076	0.1387325686351936	0.0	1.56309892355805
5686783542.359253	3.9159993644425186	1.1466784950916131	0.004531156294628777	0.9954688437051903	0.16864160086871435	0.0	1.8365116156089647
5756751598.640145	3.89448095207062	1.2288866199697062	0.002500538272898624	0.9974994617270648	0.1969076484269315	0.0	2.2291257397742505
5807674756.740275	3.857895404798573	1.3071256290728963	0.0013365883096941938	0.9986634116896445	0.22242097596107335	0.0	2.886856296044836
5836556443.3264065	3.8191558228307536	1.3610362644053324	0.0002465636474870724	0.9997534362331753	0.23928483620945729	0.0	3.6716362366213775
5839598832.527079	3.8154708345877935	1.3667799575156832	2.3420961354560943e-05	0.9999765787332334	0.2429820282445427	0.0	3.759252268292117
5840595762.620356	3.814504787109126	1.3685774893898073	5.472494400187477e-06	0.9999945271214277	0.24298202824454257	0.0	3.7838362309485576
5840981789.787989	3.8141506719450304	1.3692608851819856	2.74068273508431e-06	0.9999972589035635	0.24298202824454224	0.0	3.792994907053586
5841292937.164209	3.8138683707467274	1.3698019570873416	1.5133336801605631e-06	0.9999984862295525	0.24298202824454224	0.0	3.8002957668954394
5841600386.25741	3.8135898271979713	1.3703339026004433	8.21815118807757e-07	0.9999991777260449	0.24298202824454207	0.0	3.807504784737655
5842227825.592019	3.8130022782056097	1.37140606739396	2.4015211505030675e-07	0.999999759346321	0.24298202824454207	0.0	3.822536474715072
5843789095.437114	3.8113140587266545	1.37409694749185	1.3773499517970294e-08	0.9999999856289397	0.24544505384359835	0.0	3.864323866027372
5847674034.418058	3.805454810940083	1.3813562606388063	2.8739906492291924e-11	0.9999999991599048	0.24749717311000896	0.0	4.0033325647397735
5854647306.60249	3.793011918133944	1.3956360651581872	0.0	0.9999999987566862	0.25282736880396794	0.0	4.309703149519613
5861877195.203311	3.78062861749486	1.411262709052699	2.7924440943495332e-92	0.9999999981420589	0.2573342493498202	0.0	4.6454445487291185
5868166642.306515	3.771338620689552	1.4253311243640328	2.0236210238953961e-91	0.9999999971998959	0.262242439008307	0.0	4.927668476233548
5874687541.063114	3.7623644934429743	1.4403496426701512	1.1068645129387006e-90	0.9999999953364817	0.26734825682011615	0.0	5.225152802407412
5880367630.732722	3.7545599259748426	1.4539178557995176	1.7338603576684472e-90	0.9999999920681533	0.27163056706536665	0.0	5.501640860224409
5885322955.370863	3.747897809019536	1.4660671833193346	3.147800719389575e-90	0.9999999866131194	0.27692337918307675	0.0	5.752957086706755
5889763563.715535	3.742107546495763	1.4771357776318237	1.7339040983071082e-89	0.9999999777233172	0.2801752701717659	0.0	5.984198028002037
5894228171.999261	3.7364715932697874	1.4887760808345143	8.933829174671044e-89	0.9999999610382968	0.2850458876534318	0.0	6.224407462800482
5898857077.867827	3.731062801761048	1.5016392751598362	4.608685250416357e-88	0.9999999282772443	0.2884884175509833	0.0	6.4766017808268
5902879431.708246	3.726676410612247	1.514109196006039	2.083385567495539e-87	0.9999998755572587	0.2933415803354679	0.0	6.704323125563666
5907049808.169994	3.7227148392520863	1.5287999538622994	6.991736159402729e-87	0.9999997771434589	0.29636926298373106	0.0	6.9442198083033775
5910677714.989143	3.7196070354940263	1.5433465169249494	1.8956843343946226e-86	0.9999996327863496	0.3012034840236538	0.0	7.163286944696851
5914439128.779236	3.7168585104507064	1.5600119997973312	3.9922337491407985e-86	0.9999993916435789	0.304622825465833	0.0	7.3950674557025025
5918338962.596805	3.714353449198988	1.57890102835972	7.159243029905457e-86	0.99999900033686	0.3092361474811053	0.0	7.645339519878315
5921735949.209722	3.7123759039490047	1.5967463841600065	1.0423758970376116e-85	0.9999984948552848	0.3126391979244707	0.0	7.875434884803667
5925257944.929994	3.71054143456735	1.6159665741788218	1.1228576812845644e-85	0.9999977774551464	0.3172350099859062	0.0	8.119954184611851
5928909550.092772	3.7088338584165306	1.6367219645307254	9.936056577614983e-86	0.9999968084919181	0.3213176270826069	0.0	8.381976256823817
5932695534.325539	3.7071834811664273	1.6589277212300753	7.104667103950028e-86	0.9999955566238135	0.3259876784778212	0.0	8.664630740036403
5935998436.575241	3.7058415439332286	1.6788156619908845	4.372362428962455e-86	0.9999942759830964	0.32995390711578504	0.0	8.92026803088811
5939422885.627729	3.7045519631280297	1.6996131566367123	2.1028834939034163e-86	0.9999928281029905	0.33390582293853754	0.0	9.190852850680013
5942973354.40535	3.7032801281047054	1.721517449957255	8.721830555028443e-87	0.9999912561653029	0.3387356479873417	0.0	9.480945053267472
5946155031.1738205	3.702171408280288	1.7415675940625934	3.7344625574635584e-87	0.9999898236090958	0.34296368827848756	0.0	9.752010076037308
5949353903.795338	3.7011080668683474	1.7617970833149257	1.4196056555905484e-87	0.9999883885560357	0.3471751314846955	0.0	10.030799942410091
5952670494.929326	3.700051108226383	1.7829668886984291	4.8634317756627186e-88	0.9999869477429421	0.3518626816700133	0.0	10.328431861954623
5955552494.145489	3.6991282838114894	1.8018422000188563	2.0403563049791995e-88	0.9999857338968052	0.3559537057621279	0.0	10.60028869434454
5958540550.932806	3.698218064782084	1.8214542742145372	8.063165853621944e-89	0.99998450879896	0.36012689945569876	0.0	10.887901127536503
5961638568.209897	3.6972504738741816	1.8421087388289032	3.215461547880189e-89	0.9999832765335941	0.36438233675753545	0.0	11.19970497466296
5964333605.002976	3.696425793406528	1.860564778059	1.642410556930361e-89	0.9999822143720672	0.3682420766776136	0.0	11.483756179507315
5967507558.55351	3.6954520759423626	1.8824288163471732	7.44259603113351e-90	0.9999809656257298	0.3732400229542904	0.0	11.829419062779584
5970069482.222636	3.6946564816157625	1.9007509019230096	4.692758490883212e-90	0.9999799334716221	0.377067152175143	0.0	12.12594652262055
5972405773.568106	3.693918037295075	1.9176825440289815	3.1546571205921796e-90	0.9999789595331005	0.3808864068078022	0.0	12.406759345783312
5974456908.962215	3.6932741235131186	1.9329263588676704	2.355865865851009e-90	0.9999780706743236	0.3843112698042188	0.0	12.663918102182969
5976330526.258208	3.6926375453599105	1.9471197085360068	1.8680931768341417e-90	0.9999772225314653	0.3875367855080278	0.0	12.910347272514212
5978011384.687397	3.692094921440843	1.9601392930400332	1.5685278336139012e-90	0.9999764261789968	0.3903283940622509	0.0	13.138112141406449
5979550188.023487	3.691582022308263	1.972285393038802	1.366905296887489e-90	0.9999756619806293	0.39301921120984373	0.0	13.354628545404298
5980956981.727243	3.6911096537567287	1.9836036427802604	1.2299920888709132e-90	0.9999749297056445	0.39565449881396975	0.0	13.559250205652804
5982272209.477506	3.690661125177797	1.9943820958806504	1.129065667010835e-90	0.9999742121674219	0.3982876983969529	0.0	13.756943652718968
5983473505.153044	3.690249721194169	2.0044060188233126	1.0626952345974195e-90	0.9999735254275844	0.4003935951027668	0.0	13.943016069164043
5984776611.860829	3.6897791469256815	2.0155139796414834	9.640793857462926e-91	0.9999727450878829	0.4028270757405968	0.0	14.15310917720798
5985823859.880991	3.6894089911469705	2.024539821525701	9.769406745598752e-91	0.9999720865327211	0.40483407537723193	0.0	14.32534497927444
5986799000.88963	3.6890274524318225	2.033129627501798	9.56786296390971e-91	0.9999714427166064	0.4068815107264032	0.0	14.493159434097556
5987703839.462241	3.688678547135092	2.0412025298035528	9.391745624540493e-91	0.999970819861526	0.408696282967714	0.0	14.652014220474202
5988550706.23403	3.688354851311036	2.048860901600862	9.321085636639497e-91	0.9999702124202405	0.4102759716284254	0.0	14.803823858131178
5989350991.730063	3.6880551552697938	2.0562168724917376	9.262042376700242e-91	0.9999696150299886	0.41194146411406374	0.0	14.950347473245472
5990102601.227875	3.687762084231311	2.063220151865314	9.242360209688925e-91	0.9999690321256728	0.41356069291954545	0.0	15.091731442886305
5990835935.216413	3.687477212689211	2.0701629744273067	9.180653761015711e-91	0.9999684416952792	0.4154112401258105	0.0	15.232816929718004
5991606501.2012005	3.6871552995682646	2.0775790287584575	9.171629938358693e-91	0.9999677996891837	0.416931126924401	0.0	15.386224896078575
5992244780.758929	3.6869094419980897	2.083672313786549	9.418232024908195e-91	0.9999672447072296	0.41854081522467435	0.0	15.512094212539845
5992959794.384091	3.686602863840844	2.0909910003573855	9.157035058113745e-91	0.9999666021074808	0.42001253024206703	0.0	15.665452113033597
5993621919.108347	3.686316540175615	2.0975248594387743	9.30284917078108e-91	0.9999659843691936	0.42148424525945966	0.0	15.80456366373438
5994168669.122632	3.6861062257605433	2.1028247916706246	9.685201906301045e-91	0.9999654555754973	0.422856801464533	0.0	15.91670272901171
5994774673.694264	3.685827768446962	2.109332306035454	9.476715401710759e-91	0.9999648499323186	0.4243196837142552	0.0	16.05697669309854
5995277351.079928	3.685622025136988	2.114273673751727	9.840354680931166e-91	0.9999643322024708	0.42555399061245847	0.0	16.163892277292124
5995840131.924481	3.685369221194174	2.120322956029838	9.851479798369432e-91	0.9999637342178198	0.4268797276512694	0.0	16.295819159219285
5996287736.087759	3.685184707357057	2.124783354524533	1.0193887113036374e-90	0.9999632427542504	0.4279740967073097	0.0	16.39364111542087
5996802644.385942	3.6849357334571047	2.1307102698114324	1.0003225209674248e-90	0.9999626622728175	0.4293371709226704	0.0	16.52482347449968
5997238174.77777	3.684755520218908	2.135058659084086	1.0343618955193639e-90	0.9999621568164877	0.43042734798465776	0.0	16.621547306170413
5997699584.977959	3.684542880088439	2.1402187878760235	1.044622390466309e-90	0.9999616070980964	0.4316052912476918	0.0	16.736968340592103
5998083874.190071	3.68438119953174	2.144228568994829	1.0716171232094219e-90	0.9999611356056667	0.43262442091832626	0.0	16.826936130683897
5998519814.507199	3.6841147923809734	2.1495602187776695	1.0492166581664282e-90	0.9999605881317456	0.4337794345450456	0.0	16.9513263663294
5998883091.026746	3.6839718933195233	2.153274465431675	1.0897120871158292e-90	0.9999601210049615	0.434775916889666	0.0	17.035175296824733
5999286717.204734	3.68376990073986	2.158078607600317	1.0881790470119115e-90	0.999959588573276	0.4358403412123288	0.0	17.145599036424816
5999659135.334548	3.6835991034283735	2.1621871857909696	1.1015320349171227e-90	0.9999590851190261	0.4368857156464051	0.0	17.24044799803518
5999998140.192443	3.683444763130712	2.166015383390477	1.1291899555766447e-90	0.999958616676442	0.43786216001638534	0.0	17.32891319760754
6000347564.4786825	3.683266174642151	2.170133745621915	1.127040006256452e-90	0.9999581219995927	0.43875394157971975	0.0	17.42559774072895
6000668314.565653	3.6831149974144006	2.173917834318407	1.1497006134195107e-90	0.9999576593148413	0.43966480653121726	0.0	17.51386844514139
6000969334.54531	3.6829799489523265	2.1772367609392003	1.1681060754105371e-90	0.9999572148475668	0.4405733901045748	0.0	17.59185527191667
6001294016.925438	3.682783579737784	2.1814318400579804	1.1706280083577855e-90	0.9999567270530555	0.4414763651373562	0.0	17.693018084650213
6001602780.39431	3.6826359099676615	2.1850035410397997	1.1767623036621442e-90	0.9999562524480794	0.44234568892667986	0.0	17.778008579454536
6001888138.857575	3.6824901391091034	2.188465085984717	1.2011068478187964e-90	0.999955805855813	0.44318136147254567	0.0	17.86098581822114
6002195038.409231	3.682325879851016	2.1923279569125103	1.208790908576993e-90	0.9999553158339268	0.4440619023430219	0.0	17.954171926976777
6002496323.776909	3.682157254687155	2.1961203891591605	1.2148185484892995e-90	0.9999548248644453	0.4449474760430542	0.0	18.046743514898917
6002791976.878692	3.681996149862087	2.1997949110722055	1.2289569089692314e-90	0.9999543335369733	0.4458390854250566	0.0	18.13670197540109
6003058644.030339	3.6818799890525047	2.2027244921427425	1.2496106357349235e-90	0.9999538808766305	0.4465969533997579	0.0	18.207714243101517
6003308312.667232	3.681747406570401	2.205941845451598	1.2705616585103635e-90	0.999953449903596	0.44731024090536	0.0	18.28644442516691
6003580620.953622	3.681589010208117	2.209646055897178	1.2718063224742864e-90	0.9999529716689667	0.4481600560975812	0.0	18.377996665708647
6003827776.927359	3.681473183368964	2.2124934372195897	1.283732011408611e-90	0.9999525291163776	0.4488928475584146	0.0	18.448179376743887
6004053964.70133	3.6813289700290976	2.2154100439248494	1.309180933994183e-90	0.9999521178118629	0.4495615545949158	0.0	18.52252726653906
6004301750.045844	3.6811838896613898	2.2188240241555692	1.312238900198405e-90	0.999951659727004	0.45029713233506746	0.0	18.607901291992377
6004530688.1283455	3.681073781568776	2.221541994050152	1.3219561497949404e-90	0.9999512288398824	0.45103519749234455	0.0	18.675687348439578
6004742841.349067	3.6809570165907566	2.224358479756179	1.3469154742916694e-90	0.9999508237104253	0.4516275776178319	0.0	18.746421066510933
6004974923.68856	3.680804001907662	2.227689617563521	1.3438285031012668e-90	0.9999503733935416	0.45236390057754894	0.0	18.831719028883395
6005194192.077539	3.6806973588798777	2.230332611140606	1.357006926873353e-90	0.999949940956218	0.4530559334344263	0.0	18.898387455821105
6005392442.770418	3.6805959002222273	2.2328866424958376	1.3884161638440803e-90	0.9999495441573789	0.4536530082800642	0.0	18.96289680586633
6005610529.604116	3.680459107011471	2.2360391678748415	1.3921213458671687e-90	0.999949100992746	0.45434827230456376	0.0	19.043840296371336
6005820492.963928	3.680341325657389	2.2388456548529443	1.3967052711641982e-90	0.9999486674739279	0.4549993925814759	0.0	19.11583780653902
6006020127.171209	3.6802378711982016	2.2413486898594206	1.4136507141755663e-90	0.9999482491106917	0.4556505128583878	0.0	19.18013958229843
6006204211.038647	3.6801357356702833	2.243800665002776	1.4427889881113387e-90	0.999947857868375	0.45616368392408974	0.0	19.243409512279843
6006404033.107151	3.679988886521468	2.2468377625776004	1.4411032616725087e-90	0.9999474270249951	0.45685894794858867	0.0	19.323877206929367
6006596569.509818	3.679880232354249	2.2494091206953777	1.4524911337759358e-90	0.9999470059086005	0.45745488854101646	0.0	19.390868291053884
6006762315.561757	3.6798095090431935	2.251309407356971	1.488505192164026e-90	0.9999466381882856	0.4579956494489604	0.0	19.43966812949714
6006950441.681453	3.6796783874034618	2.254327175665703	1.4894026202176182e-90	0.999946215514636	0.4586081439467334	0.0	19.51910830773961
6007131920.943465	3.6795742998270624	2.256805830091029	1.494021548831241e-90	0.9999458019223417	0.4591375762072752	0.0	19.584273982555313
6007291354.133712	3.6794981810195138	2.258676142164675	1.5274523428763952e-90	0.9999454337000077	0.4596875436114545	0.0	19.633370848311777
6007464772.733977	3.679380864653533	2.2614140761198476	1.5372193268080818e-90	0.9999450283126584	0.4602155123194664	0.0	19.705999599052788
6007641346.561224	3.6792692560581584	2.2640558986310495	1.548318447118973e-90	0.9999446101229766	0.460853474508315	0.0	19.77618873158995
6007783405.5343	3.679220603474204	2.265405842937147	1.582330170976857e-90	0.9999442686759622	0.4612659500614498	0.0	19.811386713518896
6007949544.458504	3.6790847832734106	2.268383768685942	1.5776820179991835e-90	0.9999438651140041	0.46183201100849613	0.0	19.891863878483772
6008114089.715143	3.6789731643813135	2.2708901281275495	1.5862161238392035e-90	0.9999434605390021	0.46238984451194426	0.0	19.959602876909145
6008271033.5746	3.678891544875619	2.2729073910701527	1.6035728472704084e-90	0.9999430695121732	0.46287057199355425	0.0	20.013533230430237
6008411136.691266	3.6788085078422794	2.2745706815028286	1.6350031143109602e-90	0.9999427160342621	0.4633622250997458	0.0	20.059563845329063
6008561035.043294	3.6787030588447873	2.277045705571223	1.6488963660355924e-90	0.9999423337426597	0.4638320269567732	0.0	20.126575926248233
6008715291.348655	3.6785964030355016	2.2794710048277524	1.6594117896318972e-90	0.9999419356061202	0.46440562224733	0.0	20.192768075571124
6008840306.04477	3.678557329216513	2.2806406434637485	1.6943722884440507e-90	0.9999416086179287	0.4647716306708288	0.0	20.223616639689943
6008988128.81242	3.6784278505606194	2.283446061520859	1.6898907570973488e-90	0.9999412182517382	0.46529606065076706	0.0	20.301143006835115
6009111361.890665	3.6783796700563993	2.284784019213968	1.7217614150732095e-90	0.9999408888897322	0.4657112343848847	0.0	20.33695044371909
6009254592.904493	3.678260394008962	2.28746675794981	1.7222757520703878e-90	0.9999405024037493	0.46615372218045703	0.0	20.411069045542646
6009393216.963095	3.6781828193302384	2.2893485327199996	1.7339342863627747e-90	0.9999401238305333	0.46666176372352175	0.0	20.462645880446388
6009515908.370676	3.678125957317308	2.2908643759087064	1.7706300581765795e-90	0.9999397849690941	0.46706601183305746	0.0	20.50375643406231
6009647274.777787	3.678030888416099	2.29307412381473	1.7862121985262922e-90	0.9999394184204757	0.46755149693649223	0.0	20.564987313963737
6009781540.563471	3.6779329100285194	2.2952409580304685	1.79417861992555e-90	0.9999390395240457	0.4679584984423183	0.0	20.62565835674923
6009914638.941118	3.6778481551988	2.2972283784724596	1.808810666746113e-90	0.9999386597337566	0.4684359597786123	0.0	20.680976432453697
6010027864.831395	3.6777967881293585	2.2985529760776617	1.8544289983479511e-90	0.9999383329890592	0.46879405578083233	0.0	20.717439183883517
6010148763.962128	3.677724037586009	2.300257558923547	1.8562825825788157e-90	0.9999379802177768	0.4692823685111327	0.0	20.76509226569689
6010262219.557317	3.6776351309893394	2.302346697182164	1.8854838694000603e-90	0.999937646308369	0.46964589021035624	0.0	20.82362084052252
6010382325.125317	3.6775636345760767	2.304011546942738	1.8894680496472713e-90	0.9999372889571528	0.4700202633035868	0.0	20.870442884809492
6010496105.64837	3.677481399741148	2.3059114587535907	1.923575807603762e-90	0.9999369472828008	0.47041091348782793	0.0	20.924066458792204
6010615027.776205	3.677399068494589	2.3078559820403695	1.9487364551455031e-90	0.9999365865271677	0.4708395435510919	0.0	20.978914592174142
6010734008.186697	3.677322852061357	2.309644190173987	1.9626024434567787e-90	0.9999362214986449	0.4712844507053658	0.0	21.029529288639793
6010836068.754042	3.6772781674976	2.310860452820869	2.0035557726605793e-90	0.9999359050869434	0.4716208439195731	0.0	21.06333098764496
6010952508.668244	3.6771721072261014	2.3131177586943883	2.0118325444419926e-90	0.9999355408463029	0.47206642928597264	0.0	21.128459133043652
6011063213.808004	3.677113763179696	2.314469365457188	2.0264918067306307e-90	0.9999351907861789	0.4724509755610842	0.0	21.167049101105327
6011166362.108111	3.677027587160872	2.3163129363794392	2.066927169069438e-90	0.9999348617096177	0.47279822016929807	0.0	21.220443425065337
6011279970.3187275	3.6769432320420794	2.318267337029916	2.084966504728492e-90	0.9999344956690922	0.4732092285382928	0.0	21.276508698863605
6011373322.762886	3.6769188016261554	2.3190653997863757	2.1280114614633144e-90	0.9999341915062668	0.47351097596541014	0.0	21.29846269221928
6011480899.959777	3.67681492933148	2.3213315032835027	2.1282218964523025e-90	0.9999338380585848	0.4739635971060868	0.0	21.364318992952462
6011592308.611117	3.6767257502016704	2.3233885314362697	2.1511881981174054e-90	0.9999334687379912	0.4743003687881376	0.0	21.423771428523075
6011685741.400063	3.6767069858154415	2.3240288810865284	2.2028019445525214e-90	0.9999331554601589	0.47468428850567546	0.0	21.441424236091
6011788150.117605	3.676615885688224	2.32608474897377	2.224373645265519e-90	0.9999328091842484	0.4750062422337162	0.0	21.501252728615384
6011885285.947561	3.676571877807977	2.3271992864487347	2.2409219107611077e-90	0.9999324772686037	0.4753753439972437	0.0	21.533223518539145
6011978310.51122	3.676493882401125	2.3290950025287804	2.280943184350461e-90	0.9999321568663109	0.475722751497614	0.0	21.588024254311183
6012079261.893577	3.676390676572888	2.330824178087385	2.2957992323784606e-90	0.9999318058619424	0.47610699460653666	0.0	21.641327473411152
6012179474.51659	3.6763275858686826	2.332352363752439	2.3209522295297433e-90	0.9999314540857052	0.4764184292902339	0.0	21.685736229277968
6012263593.756212	3.676282977083572	2.333406708390035	2.379489394658334e-90	0.9999311559588259	0.47676208135500286	0.0	21.71653643357913
6012357298.56787	3.6762184703493856	2.3348937260115057	2.3873900450575804e-90	0.9999308208017722	0.47708425516572417	0.0	21.760210045318537
6012455507.66322	3.6761268033178673	2.3369391870163985	2.4096294050889377e-90	0.9999304667230888	0.4774493854845408	0.0	21.820723577245815
6012538004.808987	3.676097086177735	2.3378634561562475	2.4764021831210287e-90	0.9999301663549395	0.47774605386857927	0.0	21.8469450628214
6012632968.984645	3.676019859447639	2.339568093862889	2.4957367291229845e-90	0.9999298175044504	0.47809910266949446	0.0	21.8976489379778
6012725943.39313	3.675957491981768	2.341042557277552	2.5183584798418075e-90	0.9999294727840814	0.47843201560723975	0.0	21.941153488874672
6012809161.540057	3.6759169813317385	2.342149394183735	2.574740867652703e-90	0.9999291613787488	0.47873271116391264	0.0	21.973229679827497
6012898237.381881	3.6758400843290016	2.343913787105169	2.60760555813048e-90	0.9999288253181768	0.47906025453814577	0.0	22.025708424876207
6012986234.060596	3.6757860138639016	2.345114444004057	2.6289820528442084e-90	0.9999284901055888	0.4794059201892319	0.0	22.0616685291091
6013065705.181735	3.67574295750476	2.3462581126782496	2.686143140766264e-90	0.9999281847180688	0.47968580868729555	0.0	22.095116825775417
6013152373.571852	3.6756641678691504	2.3480513564437784	2.719456955920793e-90	0.9999278490572077	0.4800267759703088	0.0	22.148815391428062
6013226756.1845255	3.6756442786094383	2.348697468981654	2.770062209259436e-90	0.9999275581339621	0.48028988458239713	0.0	22.16732752786068
6013313798.676779	3.6755438006223153	2.350771426546516	2.7889461468318453e-90	0.9999272152857408	0.4805986344843381	0.0	22.230604530327543
6013399537.501391	3.6754915771664023	2.3520318067047135	2.8179343617264292e-90	0.9999268745027676	0.4809362457901558	0.0	22.26824084789019
6013473529.292116	3.6754574220043263	2.3530082755589827	2.8919596630590815e-90	0.9999265777790936	0.4812120789404848	0.0	22.296795705047764
6013558028.249555	3.6753829108180103	2.354685847059798	2.9191778440914267e-90	0.9999262361650512	0.48152935215043446	0.0	22.347567759153087
6013642505.466067	3.675322303881912	2.356113968105624	2.955795985232983e-90	0.9999258916269989	0.4818450481769961	0.0	22.390589979883323
6013714363.292304	3.675305207136923	2.356729729989665	3.0226930653341065e-90	0.9999255958036608	0.48212863952289026	0.0	22.408232998354347
6013794049.397451	3.6752317720419834	2.3583953365560726	3.0623249837380343e-90	0.9999252652898306	0.48243095859917434	0.0	22.458838132191275
6013862151.867925	3.675212595786842	2.3590092619089775	3.119082615452776e-90	0.9999249802056088	0.48267709448429064	0.0	22.476702650951744
6013943461.268115	3.6751203628641904	2.361010260862082	3.139830099302403e-90	0.9999246375517568	0.4829820889506302	0.0	22.53811370437456
6014011283.424762	3.6751029566847135	2.3616181920001327	3.2104597399440166e-90	0.9999243491518521	0.48324829026116334	0.0	22.55570175721489
6014089038.693215	3.675023847663428	2.363204472135515	3.2330072407156743e-90	0.9999240160419368	0.483540576624739	0.0	22.605166052142007
6014155325.638356	3.6749984173605807	2.3639721001888105	3.3049527503387655e-90	0.9999237296955727	0.483781361729744	0.0	22.627802331302572
6014232956.783731	3.674920573885808	2.3657012632942647	3.3348438809104213e-90	0.9999233919918205	0.484093447656768	0.0	22.681023300406036
6014305579.429879	3.674900038453812	2.3663332235926444	3.3803387211859537e-90	0.999923073247028	0.48436542955779666	0.0	22.699677951942647
6014375031.05141	3.674836448802489	2.3678334040605105	3.4500207081222727e-90	0.99992276622561	0.48463440089516674	0.0	22.745577366024065
6014449865.47436	3.674792000728408	2.368889854488841	3.477569995402143e-90	0.9999224326577236	0.48490470048605505	0.0	22.777921224755584
6014514561.017655	3.6747444514258807	2.369884755616218	3.5622561562622438e-90	0.9999221420416445	0.4851650381755589	0.0	22.809020514947495
6014589023.872779	3.674682160411596	2.3712564583920517	3.5876990663525665e-90	0.9999218050532128	0.48545991045652753	0.0	22.85162398209035
6014655182.60808	3.6746584357486554	2.3719850846319	3.661255823632235e-90	0.9999215032327023	0.48570696561085225	0.0	22.87330029393446
6014729866.06796	3.674590470577277	2.3735406306090248	3.7074054305657558e-90	0.9999211601899584	0.4859965248777496	0.0	22.92147362308608
6014802305.2596445	3.674538913210709	2.3748007943743774	3.7732376271406494e-90	0.9999208248820216	0.4862880765249235	0.0	22.960203429420673
6014872769.82283	3.674518819144028	2.3753853270780856	3.810119127731638e-90	0.9999204958449112	0.4865636891298835	0.0	22.977786303045544
6014936570.155681	3.674471970850053	2.3764999879099307	3.887119050783199e-90	0.9999201958610648	0.4868041030166193	0.0	23.012256870432513
6015006352.951409	3.6744264340740846	2.3775577410037294	3.9069876348459006e-90	0.9999198654454299	0.4870830362553737	0.0	23.045130045100308
6015068456.720409	3.6743931745401346	2.3784703468976383	3.98242750591614e-90	0.9999195693998234	0.4873314196632166	0.0	23.072889450257954
6015138826.633637	3.6743364898707473	2.379785787354626	4.019970001796103e-90	0.9999192318982285	0.48757150148657286	0.0	23.113891739314298
6015207286.873891	3.6742808199792	2.381001710195948	4.077304465089207e-90	0.9999189014310702	0.48784811028167085	0.0	23.15220589422534
6015275473.456769	3.6742538463892984	2.3817254453962784	4.105100775712835e-90	0.9999185699013728	0.488131692407738	0.0	23.174383563909632
6015344526.239881	3.674211257640742	2.3827674469007456	4.127338405986888e-90	0.9999182321936094	0.4883900377169649	0.0	23.206752420089543
6015413845.269813	3.674171014835285	2.383825414611372	4.15567833011699e-90	0.9999178913179726	0.4886663144486841	0.0	23.239342601723397
6015481572.228164	3.6741502986205297	2.384479280473802	4.18581624978625e-90	0.9999175563529167	0.48894259118040234	0.0	23.259062401788928
6015549061.8364725	3.67411292424512	2.3854425015899308	4.2003175111619944e-90	0.9999172210011614	0.4891869898276924	0.0	23.288877858132853
6015612224.518545	3.674079715659804	2.3863171940376846	4.223868033702774e-90	0.9999169058328058	0.4894468341879823	0.0	23.315907653923222
6015677012.64303	3.67404310364844	2.3872512031814677	4.209142391040983e-90	0.99991658156474	0.4896714419113885	0.0	23.344928877935175
6015742563.902895	3.674019483755071	2.38790722411913	4.142652152984794e-90	0.9999162526666254	0.48995904683563113	0.0	23.365108678935112
6015807000.684198	3.6740073896127026	2.388370686579519	4.0680482484344135e-90	0.9999159291827044	0.4901977435572197	0.0	23.378881244993085
6015868095.050685	3.6739704644228697	2.389346369072269	4.001655596835192e-90	0.9999156228399239	0.4904351215123895	0.0	23.409137713679417
6015936631.103107	3.673943925969197	2.390065143227671	3.8249194168162566e-90	0.9999152802848664	0.4907186562921767	0.0	23.43138071496721
6016003824.209661	3.6739370906131255	2.390346819956624	3.6075555551261478e-90	0.9999149466777925	0.49096064992980903	0.0	23.439718387293073
6016070151.870072	3.6739450607195465	2.390422953225467	3.3138560015835177e-90	0.9999146211440733	0.49121978753087053	0.0	23.440912623748567
6016130745.995987	3.6739577798111447	2.390495784149396	2.943396991566954e-90	0.9999143294836768	0.491441340289029	0.0	23.44150512652067
6016196846.403837	3.6740115083254583	2.389745178913962	2.2750761254711736e-90	0.9999140224203608	0.4916892683755408	0.0	23.41546214006829
6016243683.47434	3.674105825980277	2.3883341507856772	1.3935279040985195e-90	0.9999138194221554	0.49190290853519414	0.0	23.367302691992183
6016252289.238052	3.674132369706272	2.38795479174839	9.669303515918767e-91	0.9999137852144576	0.4919029085351948	0.0	23.354244216023194
6016253344.271584	3.674135534789836	2.387913698695111	7.354181269192477e-91	0.9999137812813481	0.4919029085351944	0.0	23.352798962919312
6016253565.142238	3.67413619323666	2.3879053395651013	5.433589330273476e-91	0.9999137805035845	0.4919029085351948	0.0	23.352503410276945
